1750429402328 0.0 0
1750429408012 0.0 1
1750429414855 0.0 2
1750429421832 0.0 3
1750429447693 0.0 4
1750429454285 0.0 5
1750429460986 0.0 6
1750429467638 0.0 7
1750429483390 0.0 8
1750429490102 0.0 9
1750429496800 0.0 10
1750429503681 0.0 11
1750429518500 0.0 12
1750429525207 0.0 13
1750429531923 0.0 14
1750429538492 0.0 15
1750429551477 0.0 16
1750429558295 0.0 17
1750429565445 0.0 18
1750429570955 0.0 19
1750429589307 0.0 20
1750429596107 0.0 21
1750429602857 0.0 22
1750429609771 0.0 23
1750429622272 0.0 24
1750429627278 0.0 25
1750429631898 0.0 26
1750429636330 0.0 27
1750429660160 0.0 28
1750429664569 0.0 29
1750429669052 0.0 30
1750429674656 0.0 31
1750429694066 0.0 32
1750429698719 0.0 33
1750429704337 0.0 34
1750429710005 0.0 35
1750429734050 0.0 36
1750429740873 0.0 37
1750429747733 0.0 38
1750429753990 0.0 39
1750429770490 0.0 40
1750429777145 0.0 41
1750429783843 0.0 42
1750429789269 0.0 43
1750429806520 0.0 44
1750429811008 0.0 45
1750429815462 0.0 46
1750429820566 0.0 47
1750429850192 0.0 48
1750429856322 0.0 49
1750429861465 0.0 50
1750429867493 0.0 51
1750429888894 0.0 52
1750429894963 0.0 53
1750429901646 0.0 54
1750429907087 0.0 55
1750429929774 0.0 56
1750429935329 0.0 57
1750429941375 0.0 58
1750429947473 0.0 59
1750429969443 0.0 60
1750429973955 0.0 61
1750429979445 0.0 62
1750429985115 0.0 63
1750430004360 0.0 64
1750430009700 0.0 65
1750430016448 0.0 66
1750430021774 0.0 67
1750430039770 0.0 68
1750430046324 0.0 69
1750430053047 0.0 70
1750430059295 0.0 71
1750430076207 0.0 72
1750430080719 0.0 73
1750430085872 0.0 74
1750430092493 0.0 75
1750430113179 0.0 76
1750430120312 0.0 77
1750430125464 0.0 78
1750430129960 0.0 79
1750430143068 0.0 80
1750430149477 0.0 81
1750430156121 0.0 82
1750430160553 0.0 83
1750430179520 0.0 84
1750430185221 0.0 85
1750430191976 0.0 86
1750430198636 0.0 87
1750430216375 0.0 88
1750430223051 0.0 89
1750430228996 0.0 90
1750430235988 0.0 91
1750430252521 0.0 92
1750430259324 0.0 93
1750430265778 0.0 94
1750430272167 0.0 95
1750430281826 0.0 96
1750430288265 0.0 97
1750430294533 0.0 98
1750430301105 0.0 99
1750430311085 0.0 100
1750430316057 0.0 101
1750430320079 0.0 102
1750430324030 0.0 103
1750430348424 0.0 104
1750430354738 0.0 105
1750430360229 0.0 106
1750430366629 0.0 107
1750430378859 0.0 108
1750430385262 0.0 109
1750430391583 0.0 110
1750430397937 0.0 111
1750430407909 0.0 112
1750430414209 0.0 113
1750430418904 0.0 114
1750430423780 0.0 115
1750430439624 0.0 116
1750430446026 0.0 117
1750430452385 0.0 118
1750430458620 0.0 119
1750430476463 0.0 120
1750430483032 0.0 121
1750430488689 0.0 122
1750430495051 0.0 123
1750430511674 0.0 124
1750430518035 0.0 125
1750430523445 0.0 126
1750430527559 0.0 127
1750430546059 0.0 128
1750430552405 0.0 129
1750430556498 0.0 130
1750430560480 0.0 131
1750430576645 0.0 132
1750430582887 0.0 133
1750430589260 0.0 134
1750430595542 0.0 135
1750430605526 0.0 136
1750430611765 0.0 137
1750430618084 0.0 138
1750430624550 0.0 139
1750430633834 0.0 140
1750430645550 0.0 141
1750430651923 0.0 142
1750430658500 0.0 143
1750430666019 0.0 144
1750430680040 0.0 145
1750430686453 0.0 146
1750430692769 0.0 147
1750430699007 0.0 148
1750430709846 0.0 149
1750430716215 0.0 150
1750430722783 0.0 151
1750430731915 0.0 152
1750430745946 0.0 153
1750430750183 0.0 154
1750430756441 0.0 155
1750430762819 0.0 156
1750430777940 0.0 157
1750430782255 0.0 158
1750430786242 0.0 159
1750430790089 0.0 160
1750430805352 0.0 161
1750430809071 0.0 162
1750430812766 0.0 163
1750430816124 0.0 164
1750431126500 0.0 164
1750431161385 1.0 165
1750431167593 1.0 166
1750431173897 1.0 167
1750431180267 1.0 168
1750431199259 1.0 169
1750431205556 1.0 170
1750431211896 1.0 171
1750431218250 1.0 172
1750431237661 1.0 173
1750431243745 1.0 174
1750431248063 1.0 175
1750431251945 1.0 176
1750431266508 1.0 177
1750431272847 1.0 178
1750431279135 1.0 179
1750431285693 1.0 180
1750431297451 1.0 181
1750431303742 1.0 182
1750431310049 1.0 183
1750431316347 1.0 184
1750431334924 1.0 185
1750431339816 1.0 186
1750431343916 1.0 187
1750431347886 1.0 188
1750431363673 1.0 189
1750431370031 1.0 190
1750431376370 1.0 191
1750431382727 1.0 192
1750431392419 1.0 193
1750431398684 1.0 194
1750431405598 1.0 195
1750431412322 1.0 196
1750431426330 1.0 197
1750431432702 1.0 198
1750431438961 1.0 199
1750431445181 1.0 200
1750431461135 1.0 201
1750431466261 1.0 202
1750431470260 1.0 203
1750431476599 1.0 204
1750431492371 1.0 205
1750431498729 1.0 206
1750431505018 1.0 207
1750431511308 1.0 208
1750431524473 1.0 209
1750431531037 1.0 210
1750431537338 1.0 211
1750431543623 1.0 212
1750431559957 1.0 213
1750431564356 1.0 214
1750431568260 1.0 215
1750431572333 1.0 216
1750431590911 1.0 217
1750431597241 1.0 218
1750431603538 1.0 219
1750431609857 1.0 220
1750431624556 1.0 221
1750431629136 1.0 222
1750431634460 1.0 223
1750431638665 1.0 224
1750431658958 1.0 225
1750431663995 1.0 226
1750431667910 1.0 227
1750431671868 1.0 228
1750431691329 1.0 229
1750431697468 1.0 230
1750431701402 1.0 231
1750431706450 1.0 232
1750431722386 1.0 233
1750431728663 1.0 234
1750431734919 1.0 235
1750431741265 1.0 236
1750431754915 1.0 237
1750431758911 1.0 238
1750431763047 1.0 239
1750431766985 1.0 240
1750431785667 1.0 241
1750431792018 1.0 242
1750431796225 1.0 243
1750431802572 1.0 244
1750431816631 1.0 245
1750431823067 1.0 246
1750431828255 1.0 247
1750431834623 1.0 248
1750431851987 1.0 249
1750431857729 1.0 250
1750431861687 1.0 251
1750431865859 1.0 252
1750431884846 1.0 253
1750431891448 1.0 254
1750431896239 1.0 255
1750431900222 1.0 256
1750431916941 1.0 257
1750431923248 1.0 258
1750431928412 1.0 259
1750431933173 1.0 260
1750431949005 1.0 261
1750431952990 1.0 262
1750431956976 1.0 263
1750431960933 1.0 264
1750431983732 1.0 265
1750431987781 1.0 266
1750431992454 1.0 267
1750431998795 1.0 268
1750432011434 1.0 269
1750432017771 1.0 270
1750432024093 1.0 271
1750432030426 1.0 272
1750432048297 1.0 273
1750432052244 1.0 274
1750432056263 1.0 275
1750432062872 1.0 276
1750432079624 1.0 277
1750432083516 1.0 278
1750432087462 1.0 279
1750432093778 1.0 280
1750432110204 1.0 281
1750432115743 1.0 282
1750432120032 1.0 283
1750432126514 1.0 284
1750432142768 1.0 285
1750432149047 1.0 286
1750432155293 1.0 287
1750432159205 1.0 288
1750432172089 1.0 289
1750432178362 1.0 290
1750432184791 1.0 291
1750432191073 1.0 292
1750432200856 1.0 293
1750432207175 1.0 294
1750432213476 1.0 295
1750432219684 1.0 296
1750432229465 1.0 297
1750432236079 1.0 298
1750432242395 1.0 299
1750432248627 1.0 300
1750432258242 1.0 301
1750432264576 1.0 302
1750432270906 1.0 303
1750432274849 1.0 304
1750432288441 1.0 305
1750432294945 1.0 306
1750432300606 1.0 307
1750432304528 1.0 308
1750432319691 1.0 309
1750432326097 1.0 310
1750432332447 1.0 311
1750432336394 1.0 312
1750432352998 1.0 313
1750432359371 1.0 314
1750432365656 1.0 315
1750432372007 1.0 316
1750432383638 1.0 317
1750432389982 1.0 318
1750432396349 1.0 319
1750432402760 1.0 320
1750432422555 1.0 321
1750432428917 1.0 322
1750432435290 1.0 323
1750432439321 1.0 324
1750432455124 1.0 325
1750432458840 1.0 326
1750432462558 1.0 327
1750432466506 1.0 328
1750432478535 1.0 329
1750432793749 1.0 329
1750432827946 2.0 330
1750432834224 2.0 331
1750432840559 2.0 332
1750432846868 2.0 333
1750432856323 2.0 334
1750432863554 2.0 335
1750432870185 2.0 336
1750432876492 2.0 337
1750432892510 2.0 338
1750432898879 2.0 339
1750432905213 2.0 340
1750432911407 2.0 341
1750432923241 2.0 342
1750432929816 2.0 343
1750432936073 2.0 344
1750432942385 2.0 345
1750432951871 2.0 346
1750432962106 2.0 347
1750432968434 2.0 348
1750432974727 2.0 349
1750432987606 2.0 350
1750432995015 2.0 351
1750433001303 2.0 352
1750433007617 2.0 353
1750433020826 2.0 354
1750433027388 2.0 355
1750433032490 2.0 356
1750433036439 2.0 357
1750433051543 2.0 358
1750433057880 2.0 359
1750433064215 2.0 360
1750433070581 2.0 361
1750433079702 2.0 362
1750433090093 2.0 363
1750433095629 2.0 364
1750433100717 2.0 365
1750433113847 2.0 366
1750433121973 2.0 367
1750433128315 2.0 368
1750433132284 2.0 369
1750433146572 2.0 370
1750433152790 2.0 371
1750433159061 2.0 372
1750433165732 2.0 373
1750433182452 2.0 374
1750433188753 2.0 375
1750433195194 2.0 376
1750433201545 2.0 377
1750433214958 2.0 378
1750433221290 2.0 379
1750433227799 2.0 380
1750433234065 2.0 381
1750433245623 2.0 382
1750433251924 2.0 383
1750433258273 2.0 384
1750433264644 2.0 385
1750433280716 2.0 386
1750433287085 2.0 387
1750433293586 2.0 388
1750433299820 2.0 389
1750433309054 2.0 390
1750433315398 2.0 391
1750433319343 2.0 392
1750433323318 2.0 393
1750433337519 2.0 394
1750433344067 2.0 395
1750433350417 2.0 396
1750433356754 2.0 397
1750433370669 2.0 398
1750433376912 2.0 399
1750433383222 2.0 400
1750433389510 2.0 401
1750433399606 2.0 402
1750433406015 2.0 403
1750433415197 2.0 404
1750433421546 2.0 405
1750433427871 2.0 406
1750433438607 2.0 407
1750433446536 2.0 408
1750433452779 2.0 409
1750433459347 2.0 410
1750433475361 2.0 411
1750433481698 2.0 412
1750433488007 2.0 413
1750433494192 2.0 414
1750433504927 2.0 415
1750433513353 2.0 416
1750433519948 2.0 417
1750433523879 2.0 418
1750433538625 2.0 419
1750433546151 2.0 420
1750433552489 2.0 421
1750433557171 2.0 422
1750433571695 2.0 423
1750433576323 2.0 424
1750433582971 2.0 425
1750433590437 2.0 426
1750433606581 2.0 427
1750433611422 2.0 428
1750433617048 2.0 429
1750433621011 2.0 430
1750433637880 2.0 431
1750433642262 2.0 432
1750433646376 2.0 433
1750433655978 2.0 434
1750433668623 2.0 435
1750433673182 2.0 436
1750433679437 2.0 437
1750433687344 2.0 438
1750433697037 2.0 439
1750433704861 2.0 440
1750433711050 2.0 441
1750433718575 2.0 442
1750433729723 2.0 443
1750433740119 2.0 444
1750433746386 2.0 445
1750433752731 2.0 446
1750433759369 2.0 447
1750433770291 2.0 448
1750433776604 2.0 449
1750433780483 2.0 450
1750433791512 2.0 451
1750433806759 2.0 452
1750433813075 2.0 453
1750433819590 2.0 454
1750433824176 2.0 455
1750433839225 2.0 456
1750433845578 2.0 457
1750433851856 2.0 458
1750433858248 2.0 459
1750433871556 2.0 460
1750433877841 2.0 461
1750433884429 2.0 462
1750433890649 2.0 463
1750433905736 2.0 464
1750433912038 2.0 465
1750433918357 2.0 466
1750433924641 2.0 467
1750433934551 2.0 468
1750433941139 2.0 469
1750433947445 2.0 470
1750433953754 2.0 471
1750433972815 2.0 472
1750433979141 2.0 473
1750433985501 2.0 474
1750433990109 2.0 475
1750434001955 2.0 476
1750434008170 2.0 477
1750434014452 2.0 478
1750434019112 2.0 479
1750434032789 2.0 480
1750434039096 2.0 481
1750434045303 2.0 482
1750434051564 2.0 483
1750434061899 2.0 484
1750434068049 2.0 485
1750434074359 2.0 486
1750434078637 2.0 487
1750434095587 2.0 488
1750434101937 2.0 489
1750434106062 2.0 490
1750434110126 2.0 491
1750434120516 2.0 492
1750434124194 2.0 493
1750434127537 2.0 494
1750434442418 2.0 494
1750434476881 3.0 495
1750434483224 3.0 496
1750434489511 3.0 497
1750434495760 3.0 498
1750434505542 3.0 499
1750434511796 3.0 500
1750434518139 3.0 501
1750434524468 3.0 502
1750434536497 3.0 503
1750434542847 3.0 504
1750434549113 3.0 505
1750434553785 3.0 506
1750434564816 3.0 507
1750434574131 3.0 508
1750434578844 3.0 509
1750434585220 3.0 510
1750434599328 3.0 511
1750434605634 3.0 512
1750434611937 3.0 513
1750434616245 3.0 514
1750434632292 3.0 515
1750434638635 3.0 516
1750434642515 3.0 517
1750434646493 3.0 518
1750434662845 3.0 519
1750434669184 3.0 520
1750434674483 3.0 521
1750434678501 3.0 522
1750434694826 3.0 523
1750434702642 3.0 524
1750434708955 3.0 525
1750434715358 3.0 526
1750434723513 3.0 527
1750434734904 3.0 528
1750434741494 3.0 529
1750434746157 3.0 530
1750434754669 3.0 531
1750434769116 3.0 532
1750434775433 3.0 533
1750434779458 3.0 534
1750434784031 3.0 535
1750434802959 3.0 536
1750434808753 3.0 537
1750434812743 3.0 538
1750434816735 3.0 539
1750434832332 3.0 540
1750434840895 3.0 541
1750434847241 3.0 542
1750434853878 3.0 543
1750434861145 3.0 544
1750434874884 3.0 545
1750434881234 3.0 546
1750434887585 3.0 547
1750434894558 3.0 548
1750434906086 3.0 549
1750434912382 3.0 550
1750434918956 3.0 551
1750434928094 3.0 552
1750434934889 3.0 553
1750434944525 3.0 554
1750434950885 3.0 555
1750434958950 3.0 556
1750434965262 3.0 557
1750434980535 3.0 558
1750434986841 3.0 559
1750434991530 3.0 560
1750434997887 3.0 561
1750435009259 3.0 562
1750435015650 3.0 563
1750435025329 3.0 564
1750435030497 3.0 565
1750435039768 3.0 566
1750435046155 3.0 567
1750435060002 3.0 568
1750435066280 3.0 569
1750435070317 3.0 570
1750435074311 3.0 571
1750435088512 3.0 572
1750435095120 3.0 573
1750435105799 3.0 574
1750435112059 3.0 575
1750435121749 3.0 576
1750435128021 3.0 577
1750435134351 3.0 578
1750435140645 3.0 579
1750435153790 3.0 580
1750435161190 3.0 581
1750435167483 3.0 582
1750435173731 3.0 583
1750435188087 3.0 584
1750435194470 3.0 585
1750435200812 3.0 586
1750435207109 3.0 587
1750435226776 3.0 588
1750435233117 3.0 589
1750435239387 3.0 590
1750435245634 3.0 591
1750435262519 3.0 592
1750435266494 3.0 593
1750435270480 3.0 594
1750435274560 3.0 595
1750435292031 3.0 596
1750435298294 3.0 597
1750435304649 3.0 598
1750435311030 3.0 599
1750435325798 3.0 600
1750435332171 3.0 601
1750435337773 3.0 602
1750435341866 3.0 603
1750435358586 3.0 604
1750435364863 3.0 605
1750435370813 3.0 606
1750435374739 3.0 607
1750435391369 3.0 608
1750435397685 3.0 609
1750435404314 3.0 610
1750435410582 3.0 611
1750435423501 3.0 612
1750435429835 3.0 613
1750435436058 3.0 614
1750435442409 3.0 615
1750435455336 3.0 616
1750435461909 3.0 617
1750435467475 3.0 618
1750435473692 3.0 619
1750435491042 3.0 620
1750435497389 3.0 621
1750435503308 3.0 622
1750435508088 3.0 623
1750435521077 3.0 624
1750435527450 3.0 625
1750435533098 3.0 626
1750435539399 3.0 627
1750435554485 3.0 628
1750435560860 3.0 629
1750435565741 3.0 630
1750435572075 3.0 631
1750435586564 3.0 632
1750435592884 3.0 633
1750435599218 3.0 634
1750435605469 3.0 635
1750435616916 3.0 636
1750435623285 3.0 637
1750435629604 3.0 638
1750435635894 3.0 639
1750435647281 3.0 640
1750435653485 3.0 641
1750435659812 3.0 642
1750435666162 3.0 643
1750435682830 3.0 644
1750435689087 3.0 645
1750435694251 3.0 646
1750435698465 3.0 647
1750435718210 3.0 648
1750435723340 3.0 649
1750435727357 3.0 650
1750435731330 3.0 651
1750435750558 3.0 652
1750435755577 3.0 653
1750435759570 3.0 654
1750435763288 3.0 655
1750435776793 3.0 656
1750435780497 3.0 657
1750435784180 3.0 658
1750435787520 3.0 659
1750436098247 3.0 659
1750436132187 4.0 660
1750436136083 4.0 661
1750436140268 4.0 662
1750436144985 4.0 663
1750436164031 4.0 664
1750436170317 4.0 665
1750436176610 4.0 666
1750436182881 4.0 667
1750436199481 4.0 668
1750436203593 4.0 669
1750436209919 4.0 670
1750436216292 4.0 671
1750436235292 4.0 672
1750436240702 4.0 673
1750436244569 4.0 674
1750436249402 4.0 675
1750436269204 4.0 676
1750436275791 4.0 677
1750436281983 4.0 678
1750436288355 4.0 679
1750436301274 4.0 680
1750436307582 4.0 681
1750436313885 4.0 682
1750436320226 4.0 683
1750436332316 4.0 684
1750436338571 4.0 685
1750436344818 4.0 686
1750436351120 4.0 687
1750436363506 4.0 688
1750436369869 4.0 689
1750436375202 4.0 690
1750436381543 4.0 691
1750436393748 4.0 692
1750436400056 4.0 693
1750436406358 4.0 694
1750436412697 4.0 695
1750436425823 4.0 696
1750436432162 4.0 697
1750436438503 4.0 698
1750436444548 4.0 699
1750436457677 4.0 700
1750436464036 4.0 701
1750436470375 4.0 702
1750436476674 4.0 703
1750436486390 4.0 704
1750436492782 4.0 705
1750436499379 4.0 706
1750436505773 4.0 707
1750436524545 4.0 708
1750436530894 4.0 709
1750436536756 4.0 710
1750436541430 4.0 711
1750436556182 4.0 712
1750436562497 4.0 713
1750436569127 4.0 714
1750436573777 4.0 715
1750436590640 4.0 716
1750436597049 4.0 717
1750436602651 4.0 718
1750436609002 4.0 719
1750436621257 4.0 720
1750436627882 4.0 721
1750436634173 4.0 722
1750436640447 4.0 723
1750436650028 4.0 724
1750436656389 4.0 725
1750436662751 4.0 726
1750436669036 4.0 727
1750436678458 4.0 728
1750436684705 4.0 729
1750436688850 4.0 730
1750436692879 4.0 731
1750436706783 4.0 732
1750436713079 4.0 733
1750436720622 4.0 734
1750436726933 4.0 735
1750436735465 4.0 736
1750436744124 4.0 737
1750436756028 4.0 738
1750436762396 4.0 739
1750436768644 4.0 740
1750436778737 4.0 741
1750436782759 4.0 742
1750436789302 4.0 743
1750436795702 4.0 744
1750436813169 4.0 745
1750436819460 4.0 746
1750436825755 4.0 747
1750436832058 4.0 748
1750436851392 4.0 749
1750436857694 4.0 750
1750436861833 4.0 751
1750436868131 4.0 752
1750436880196 4.0 753
1750436886545 4.0 754
1750436892808 4.0 755
1750436899172 4.0 756
1750436911175 4.0 757
1750436917802 4.0 758
1750436924136 4.0 759
1750436928669 4.0 760
1750436948828 4.0 761
1750436952800 4.0 762
1750436959038 4.0 763
1750436965254 4.0 764
1750436979969 4.0 765
1750436986517 4.0 766
1750436992851 4.0 767
1750436999143 4.0 768
1750437008266 4.0 769
1750437014636 4.0 770
1750437021033 4.0 771
1750437027569 4.0 772
1750437036851 4.0 773
1750437043098 4.0 774
1750437049342 4.0 775
1750437056698 4.0 776
1750437066963 4.0 777
1750437073353 4.0 778
1750437079693 4.0 779
1750437088286 4.0 780
1750437100596 4.0 781
1750437104549 4.0 782
1750437108492 4.0 783
1750437123379 4.0 784
1750437129803 4.0 785
1750437133851 4.0 786
1750437137817 4.0 787
1750437156692 4.0 788
1750437160864 4.0 789
1750437170515 4.0 790
1750437176963 4.0 791
1750437189021 4.0 792
1750437198162 4.0 793
1750437204447 4.0 794
1750437211025 4.0 795
1750437219830 4.0 796
1750437229703 4.0 797
1750437237679 4.0 798
1750437244021 4.0 799
1750437251483 4.0 800
1750437260640 4.0 801
1750437273700 4.0 802
1750437279021 4.0 803
1750437283121 4.0 804
1750437287220 4.0 805
1750437306079 4.0 806
1750437312406 4.0 807
1750437318670 4.0 808
1750437326124 4.0 809
1750437337388 4.0 810
1750437341978 4.0 811
1750437345999 4.0 812
1750437355402 4.0 813
1750437369534 4.0 814
1750437375929 4.0 815
1750437380674 4.0 816
1750437391821 4.0 817
1750437398148 4.0 818
1750437403770 4.0 819
1750437407675 4.0 820
1750437424025 4.0 821
1750437427719 4.0 822
1750437431389 4.0 823
1750437434707 4.0 824
1750437754017 4.0 824
1750437788668 5.0 825
1750437795033 5.0 826
1750437801307 5.0 827
1750437807521 5.0 828
1750437819438 5.0 829
1750437825746 5.0 830
1750437831978 5.0 831
1750437838557 5.0 832
1750437856910 5.0 833
1750437863120 5.0 834
1750437869408 5.0 835
1750437875761 5.0 836
1750437890471 5.0 837
1750437896776 5.0 838
1750437903323 5.0 839
1750437909639 5.0 840
1750437919179 5.0 841
1750437925497 5.0 842
1750437931744 5.0 843
1750437938032 5.0 844
1750437947761 5.0 845
1750437954390 5.0 846
1750437958453 5.0 847
1750437963079 5.0 848
1750437976274 5.0 849
1750437980241 5.0 850
1750437988700 5.0 851
1750437995029 5.0 852
1750438011844 5.0 853
1750438018376 5.0 854
1750438024749 5.0 855
1750438031122 5.0 856
1750438047743 5.0 857
1750438054070 5.0 858
1750438060385 5.0 859
1750438066627 5.0 860
1750438078345 5.0 861
1750438084667 5.0 862
1750438090954 5.0 863
1750438097271 5.0 864
1750438111989 5.0 865
1750438118344 5.0 866
1750438124632 5.0 867
1750438128840 5.0 868
1750438141005 5.0 869
1750438147221 5.0 870
1750438153460 5.0 871
1750438159720 5.0 872
1750438172424 5.0 873
1750438178753 5.0 874
1750438185054 5.0 875
1750438191713 5.0 876
1750438205038 5.0 877
1750438211298 5.0 878
1750438217521 5.0 879
1750438221503 5.0 880
1750438233286 5.0 881
1750438239634 5.0 882
1750438246366 5.0 883
1750438252737 5.0 884
1750438261880 5.0 885
1750438269724 5.0 886
1750438276010 5.0 887
1750438282410 5.0 888
1750438290171 5.0 889
1750438300279 5.0 890
1750438306853 5.0 891
1750438314783 5.0 892
1750438327238 5.0 893
1750438333579 5.0 894
1750438339956 5.0 895
1750438349135 5.0 896
1750438358446 5.0 897
1750438365057 5.0 898
1750438371335 5.0 899
1750438386131 5.0 900
1750438390738 5.0 901
1750438397045 5.0 902
1750438401040 5.0 903
1750438415691 5.0 904
1750438426471 5.0 905
1750438432675 5.0 906
1750438438906 5.0 907
1750438447903 5.0 908
1750438457397 5.0 909
1750438463687 5.0 910
1750438469992 5.0 911
1750438480164 5.0 912
1750438486741 5.0 913
1750438493057 5.0 914
1750438505545 5.0 915
1750438515994 5.0 916
1750438520582 5.0 917
1750438524533 5.0 918
1750438534444 5.0 919
1750438547938 5.0 920
1750438554232 5.0 921
1750438560536 5.0 922
1750438566866 5.0 923
1750438581488 5.0 924
1750438587956 5.0 925
1750438594248 5.0 926
1750438600604 5.0 927
1750438615201 5.0 928
1750438621525 5.0 929
1750438627864 5.0 930
1750438634149 5.0 931
1750438646009 5.0 932
1750438652421 5.0 933
1750438658750 5.0 934
1750438665558 5.0 935
1750438679138 5.0 936
1750438685480 5.0 937
1750438691945 5.0 938
1750438698977 5.0 939
1750438710899 5.0 940
1750438717156 5.0 941
1750438721288 5.0 942
1750438729414 5.0 943
1750438744431 5.0 944
1750438750397 5.0 945
1750438756688 5.0 946
1750438765403 5.0 947
1750438772993 5.0 948
1750438779381 5.0 949
1750438785946 5.0 950
1750438803989 5.0 951
1750438809377 5.0 952
1750438813461 5.0 953
1750438819845 5.0 954
1750438837996 5.0 955
1750438844271 5.0 956
1750438849753 5.0 957
1750438856114 5.0 958
1750438871008 5.0 959
1750438877334 5.0 960
1750438882796 5.0 961
1750438889145 5.0 962
1750438902202 5.0 963
1750438906192 5.0 964
1750438910319 5.0 965
1750438914352 5.0 966
1750438934089 5.0 967
1750438940173 5.0 968
1750438946530 5.0 969
1750438952884 5.0 970
1750438968438 5.0 971
1750438975096 5.0 972
1750438980780 5.0 973
1750438987102 5.0 974
1750438999817 5.0 975
1750439006219 5.0 976
1750439012138 5.0 977
1750439016174 5.0 978
1750439029449 5.0 979
1750439036528 5.0 980
1750439042921 5.0 981
1750439047602 5.0 982
1750439056609 5.0 983
1750439065439 5.0 984
1750439069372 5.0 985
1750439073278 5.0 986
1750439084393 5.0 987
1750439092158 5.0 988
1750439095488 5.0 989
1750439400687 5.0 989
1750439435116 6.0 990
1750439441376 6.0 991
1750439447661 6.0 992
1750439453950 6.0 993
1750439463167 6.0 994
1750439469726 6.0 995
1750439476086 6.0 996
1750439482408 6.0 997
1750439492479 6.0 998
1750439506197 6.0 999
1750439512510 6.0 1000
1750439518784 6.0 1001
1750439525385 6.0 1002
1750439539809 6.0 1003
1750439546213 6.0 1004
1750439552604 6.0 1005
1750439558884 6.0 1006
1750439570760 6.0 1007
1750439577045 6.0 1008
1750439583359 6.0 1009
1750439589928 6.0 1010
1750439601237 6.0 1011
1750439607495 6.0 1012
1750439613756 6.0 1013
1750439618448 6.0 1014
1750439637382 6.0 1015
1750439644055 6.0 1016
1750439650872 6.0 1017
1750439657209 6.0 1018
1750439667028 6.0 1019
1750439673347 6.0 1020
1750439679589 6.0 1021
1750439685799 6.0 1022
1750439697411 6.0 1023
1750439704049 6.0 1024
1750439710356 6.0 1025
1750439716661 6.0 1026
1750439730560 6.0 1027
1750439736937 6.0 1028
1750439743269 6.0 1029
1750439749572 6.0 1030
1750439769502 6.0 1031
1750439775754 6.0 1032
1750439780990 6.0 1033
1750439784918 6.0 1034
1750439797982 6.0 1035
1750439804258 6.0 1036
1750439810646 6.0 1037
1750439817237 6.0 1038
1750439828804 6.0 1039
1750439835147 6.0 1040
1750439841401 6.0 1041
1750439847663 6.0 1042
1750439862447 6.0 1043
1750439868772 6.0 1044
1750439875360 6.0 1045
1750439881684 6.0 1046
1750439899249 6.0 1047
1750439905655 6.0 1048
1750439911842 6.0 1049
1750439918116 6.0 1050
1750439933292 6.0 1051
1750439939607 6.0 1052
1750439945505 6.0 1053
1750439951725 6.0 1054
1750439969552 6.0 1055
1750439974824 6.0 1056
1750439978776 6.0 1057
1750439982797 6.0 1058
1750440002774 6.0 1059
1750440008419 6.0 1060
1750440012706 6.0 1061
1750440016672 6.0 1062
1750440036639 6.0 1063
1750440040679 6.0 1064
1750440044593 6.0 1065
1750440050904 6.0 1066
1750440069586 6.0 1067
1750440074260 6.0 1068
1750440078374 6.0 1069
1750440084705 6.0 1070
1750440099059 6.0 1071
1750440103008 6.0 1072
1750440109341 6.0 1073
1750440115628 6.0 1074
1750440133846 6.0 1075
1750440137790 6.0 1076
1750440141731 6.0 1077
1750440145791 6.0 1078
1750440165530 6.0 1079
1750440170108 6.0 1080
1750440174765 6.0 1081
1750440181317 6.0 1082
1750440196471 6.0 1083
1750440202695 6.0 1084
1750440209066 6.0 1085
1750440215427 6.0 1086
1750440226185 6.0 1087
1750440232484 6.0 1088
1750440238755 6.0 1089
1750440245307 6.0 1090
1750440257935 6.0 1091
1750440264208 6.0 1092
1750440270580 6.0 1093
1750440276949 6.0 1094
1750440287629 6.0 1095
1750440293901 6.0 1096
1750440300508 6.0 1097
1750440306818 6.0 1098
1750440316036 6.0 1099
1750440322358 6.0 1100
1750440328664 6.0 1101
1750440334893 6.0 1102
1750440349133 6.0 1103
1750440355482 6.0 1104
1750440359713 6.0 1105
1750440363742 6.0 1106
1750440381275 6.0 1107
1750440387602 6.0 1108
1750440393915 6.0 1109
1750440400220 6.0 1110
1750440413311 6.0 1111
1750440419885 6.0 1112
1750440426136 6.0 1113
1750440432375 6.0 1114
1750440446653 6.0 1115
1750440453004 6.0 1116
1750440459376 6.0 1117
1750440465729 6.0 1118
1750440480623 6.0 1119
1750440486923 6.0 1120
1750440493264 6.0 1121
1750440499622 6.0 1122
1750440510161 6.0 1123
1750440516415 6.0 1124
1750440522732 6.0 1125
1750440529031 6.0 1126
1750440538870 6.0 1127
1750440545235 6.0 1128
1750440551535 6.0 1129
1750440557873 6.0 1130
1750440566957 6.0 1131
1750440573275 6.0 1132
1750440582542 6.0 1133
1750440589047 6.0 1134
1750440597758 6.0 1135
1750440603976 6.0 1136
1750440621799 6.0 1137
1750440628178 6.0 1138
1750440634440 6.0 1139
1750440640737 6.0 1140
1750440654366 6.0 1141
1750440660922 6.0 1142
1750440667209 6.0 1143
1750440673432 6.0 1144
1750440686795 6.0 1145
1750440693143 6.0 1146
1750440697123 6.0 1147
1750440701153 6.0 1148
1750440719018 6.0 1149
1750440722767 6.0 1150
1750440726495 6.0 1151
1750440730230 6.0 1152
1750440745234 6.0 1153
1750440748553 6.0 1154
1750441069714 6.0 1154
1750441104507 7.0 1155
1750441110939 7.0 1156
1750441117539 7.0 1157
1750441123813 7.0 1158
1750441141020 7.0 1159
1750441147379 7.0 1160
1750441153756 7.0 1161
1750441160148 7.0 1162
1750441171870 7.0 1163
1750441178490 7.0 1164
1750441184822 7.0 1165
1750441191149 7.0 1166
1750441200887 7.0 1167
1750441211508 7.0 1168
1750441216548 7.0 1169
1750441222930 7.0 1170
1750441235620 7.0 1171
1750441244575 7.0 1172
1750441249680 7.0 1173
1750441256003 7.0 1174
1750441264158 7.0 1175
1750441274164 7.0 1176
1750441280404 7.0 1177
1750441286702 7.0 1178
1750441297671 7.0 1179
1750441305554 7.0 1180
1750441311874 7.0 1181
1750441318175 7.0 1182
1750441328566 7.0 1183
1750441337604 7.0 1184
1750441343869 7.0 1185
1750441350461 7.0 1186
1750441362715 7.0 1187
1750441369048 7.0 1188
1750441375437 7.0 1189
1750441381786 7.0 1190
1750441393673 7.0 1191
1750441405012 7.0 1192
1750441410781 7.0 1193
1750441415692 7.0 1194
1750441429014 7.0 1195
1750441436053 7.0 1196
1750441442411 7.0 1197
1750441448833 7.0 1198
1750441457748 7.0 1199
1750441473754 7.0 1200
1750441477743 7.0 1201
1750441481698 7.0 1202
1750441486337 7.0 1203
1750441505820 7.0 1204
1750441511439 7.0 1205
1750441517768 7.0 1206
1750441521756 7.0 1207
1750441539630 7.0 1208
1750441545901 7.0 1209
1750441552170 7.0 1210
1750441558368 7.0 1211
1750441568564 7.0 1212
1750441574886 7.0 1213
1750441581157 7.0 1214
1750441587671 7.0 1215
1750441604386 7.0 1216
1750441610582 7.0 1217
1750441616873 7.0 1218
1750441623204 7.0 1219
1750441633011 7.0 1220
1750441639250 7.0 1221
1750441645757 7.0 1222
1750441651980 7.0 1223
1750441661247 7.0 1224
1750441667539 7.0 1225
1750441673843 7.0 1226
1750441680151 7.0 1227
1750441689845 7.0 1228
1750441693802 7.0 1229
1750441698662 7.0 1230
1750441704953 7.0 1231
1750441726674 7.0 1232
1750441732874 7.0 1233
1750441739221 7.0 1234
1750441745577 7.0 1235
1750441762097 7.0 1236
1750441767672 7.0 1237
1750441772393 7.0 1238
1750441778865 7.0 1239
1750441797471 7.0 1240
1750441803387 7.0 1241
1750441807373 7.0 1242
1750441813764 7.0 1243
1750441827595 7.0 1244
1750441834159 7.0 1245
1750441840469 7.0 1246
1750441846796 7.0 1247
1750441859000 7.0 1248
1750441865322 7.0 1249
1750441871057 7.0 1250
1750441875002 7.0 1251
1750441888187 7.0 1252
1750441894557 7.0 1253
1750441900913 7.0 1254
1750441907266 7.0 1255
1750441922190 7.0 1256
1750441928498 7.0 1257
1750441934882 7.0 1258
1750441941434 7.0 1259
1750441953284 7.0 1260
1750441959557 7.0 1261
1750441964997 7.0 1262
1750441971336 7.0 1263
1750441987641 7.0 1264
1750441993927 7.0 1265
1750441998529 7.0 1266
1750442004962 7.0 1267
1750442021874 7.0 1268
1750442028171 7.0 1269
1750442032144 7.0 1270
1750442036051 7.0 1271
1750442055016 7.0 1272
1750442061331 7.0 1273
1750442067923 7.0 1274
1750442074309 7.0 1275
1750442088448 7.0 1276
1750442093184 7.0 1277
1750442097187 7.0 1278
1750442101841 7.0 1279
1750442121733 7.0 1280
1750442127238 7.0 1281
1750442131435 7.0 1282
1750442137720 7.0 1283
1750442156305 7.0 1284
1750442161736 7.0 1285
1750442165813 7.0 1286
1750442169794 7.0 1287
1750442184955 7.0 1288
1750442191524 7.0 1289
1750442197740 7.0 1290
1750442204102 7.0 1291
1750442218038 7.0 1292
1750442224309 7.0 1293
1750442230582 7.0 1294
1750442236886 7.0 1295
1750442250525 7.0 1296
1750442254747 7.0 1297
1750442258802 7.0 1298
1750442265206 7.0 1299
1750442281646 7.0 1300
1750442288104 7.0 1301
1750442294361 7.0 1302
1750442299539 7.0 1303
1750442315671 7.0 1304
1750442321921 7.0 1305
1750442326255 7.0 1306
1750442330185 7.0 1307
1750442346699 7.0 1308
1750442352906 7.0 1309
1750442358265 7.0 1310
1750442362463 7.0 1311
1750442377787 7.0 1312
1750442384006 7.0 1313
1750442387938 7.0 1314
1750442391782 7.0 1315
1750442404221 7.0 1316
1750442407857 7.0 1317
1750442411512 7.0 1318
1750442415027 7.0 1319
1750442725899 7.0 1319
1750442760110 8.0 1320
1750442766478 8.0 1321
1750442772890 8.0 1322
1750442779266 8.0 1323
1750442788585 8.0 1324
1750442794822 8.0 1325
1750442804323 8.0 1326
1750442810627 8.0 1327
1750442817072 8.0 1328
1750442823440 8.0 1329
1750442840313 8.0 1330
1750442846647 8.0 1331
1750442852948 8.0 1332
1750442859495 8.0 1333
1750442871451 8.0 1334
1750442877750 8.0 1335
1750442881771 8.0 1336
1750442885741 8.0 1337
1750442903823 8.0 1338
1750442910207 8.0 1339
1750442916937 8.0 1340
1750442923248 8.0 1341
1750442940109 8.0 1342
1750442946469 8.0 1343
1750442952733 8.0 1344
1750442958984 8.0 1345
1750442975769 8.0 1346
1750442982073 8.0 1347
1750442988607 8.0 1348
1750442993239 8.0 1349
1750443009073 8.0 1350
1750443015379 8.0 1351
1750443021676 8.0 1352
1750443027941 8.0 1353
1750443045818 8.0 1354
1750443050006 8.0 1355
1750443053974 8.0 1356
1750443060346 8.0 1357
1750443075614 8.0 1358
1750443081924 8.0 1359
1750443088524 8.0 1360
1750443092834 8.0 1361
1750443110885 8.0 1362
1750443117484 8.0 1363
1750443122793 8.0 1364
1750443129077 8.0 1365
1750443140195 8.0 1366
1750443146464 8.0 1367
1750443152740 8.0 1368
1750443158992 8.0 1369
1750443172895 8.0 1370
1750443179191 8.0 1371
1750443185504 8.0 1372
1750443191765 8.0 1373
1750443205020 8.0 1374
1750443211258 8.0 1375
1750443217418 8.0 1376
1750443224031 8.0 1377
1750443235666 8.0 1378
1750443241929 8.0 1379
1750443248226 8.0 1380
1750443254457 8.0 1381
1750443264392 8.0 1382
1750443270729 8.0 1383
1750443277084 8.0 1384
1750443283680 8.0 1385
1750443293098 8.0 1386
1750443299453 8.0 1387
1750443305071 8.0 1388
1750443311290 8.0 1389
1750443322337 8.0 1390
1750443328668 8.0 1391
1750443335298 8.0 1392
1750443347946 8.0 1393
1750443353891 8.0 1394
1750443358427 8.0 1395
1750443362539 8.0 1396
1750443377246 8.0 1397
1750443390931 8.0 1398
1750443397324 8.0 1399
1750443403939 8.0 1400
1750443410260 8.0 1401
1750443426068 8.0 1402
1750443432282 8.0 1403
1750443438524 8.0 1404
1750443444787 8.0 1405
1750443458255 8.0 1406
1750443463273 8.0 1407
1750443469542 8.0 1408
1750443478209 8.0 1409
1750443490211 8.0 1410
1750443496587 8.0 1411
1750443502975 8.0 1412
1750443506864 8.0 1413
1750443520002 8.0 1414
1750443526282 8.0 1415
1750443532559 8.0 1416
1750443537250 8.0 1417
1750443551673 8.0 1418
1750443558065 8.0 1419
1750443564475 8.0 1420
1750443570929 8.0 1421
1750443581745 8.0 1422
1750443588073 8.0 1423
1750443594406 8.0 1424
1750443603584 8.0 1425
1750443614957 8.0 1426
1750443621322 8.0 1427
1750443627583 8.0 1428
1750443638732 8.0 1429
1750443644986 8.0 1430
1750443651393 8.0 1431
1750443657609 8.0 1432
1750443672537 8.0 1433
1750443678948 8.0 1434
1750443685330 8.0 1435
1750443691601 8.0 1436
1750443707744 8.0 1437
1750443713969 8.0 1438
1750443720272 8.0 1439
1750443726645 8.0 1440
1750443742997 8.0 1441
1750443749299 8.0 1442
1750443755498 8.0 1443
1750443762102 8.0 1444
1750443774006 8.0 1445
1750443780345 8.0 1446
1750443786617 8.0 1447
1750443792895 8.0 1448
1750443802330 8.0 1449
1750443808655 8.0 1450
1750443815231 8.0 1451
1750443821565 8.0 1452
1750443830802 8.0 1453
1750443837041 8.0 1454
1750443843383 8.0 1455
1750443849769 8.0 1456
1750443858993 8.0 1457
1750443869330 8.0 1458
1750443875909 8.0 1459
1750443882287 8.0 1460
1750443888643 8.0 1461
1750443902192 8.0 1462
1750443908474 8.0 1463
1750443914841 8.0 1464
1750443921149 8.0 1465
1750443935517 8.0 1466
1750443939552 8.0 1467
1750443943514 8.0 1468
1750443947501 8.0 1469
1750443967628 8.0 1470
1750443974283 8.0 1471
1750443980570 8.0 1472
1750443986913 8.0 1473
1750444001948 8.0 1474
1750444008767 8.0 1475
1750444015120 8.0 1476
1750444021494 8.0 1477
1750444035751 8.0 1478
1750444039826 8.0 1479
1750444043683 8.0 1480
1750444047713 8.0 1481
1750444062419 8.0 1482
1750444066123 8.0 1483
1750444069476 8.0 1484
1750444383662 8.0 1484
1750444418475 9.0 1485
1750444424723 9.0 1486
1750444431028 9.0 1487
1750444437642 9.0 1488
1750444450117 9.0 1489
1750444454011 9.0 1490
1750444457922 9.0 1491
1750444464159 9.0 1492
1750444483368 9.0 1493
1750444489656 9.0 1494
1750444495917 9.0 1495
1750444502474 9.0 1496
1750444517808 9.0 1497
1750444524076 9.0 1498
1750444530368 9.0 1499
1750444536567 9.0 1500
1750444549001 9.0 1501
1750444555182 9.0 1502
1750444561691 9.0 1503
1750444568029 9.0 1504
1750444584128 9.0 1505
1750444590443 9.0 1506
1750444596228 9.0 1507
1750444600839 9.0 1508
1750444615740 9.0 1509
1750444622117 9.0 1510
1750444628745 9.0 1511
1750444635019 9.0 1512
1750444648288 9.0 1513
1750444654623 9.0 1514
1750444660945 9.0 1515
1750444667271 9.0 1516
1750444680113 9.0 1517
1750444686614 9.0 1518
1750444692946 9.0 1519
1750444699231 9.0 1520
1750444718394 9.0 1521
1750444724413 9.0 1522
1750444728396 9.0 1523
1750444732356 9.0 1524
1750444746994 9.0 1525
1750444753495 9.0 1526
1750444759811 9.0 1527
1750444766072 9.0 1528
1750444773452 9.0 1529
1750444777387 9.0 1530
1750444781329 9.0 1531
1750444786046 9.0 1532
1750444811729 9.0 1533
1750444818089 9.0 1534
1750444824321 9.0 1535
1750444830650 9.0 1536
1750444842400 9.0 1537
1750444848664 9.0 1538
1750444854896 9.0 1539
1750444861549 9.0 1540
1750444873833 9.0 1541
1750444880095 9.0 1542
1750444886348 9.0 1543
1750444892716 9.0 1544
1750444907828 9.0 1545
1750444914200 9.0 1546
1750444920456 9.0 1547
1750444927056 9.0 1548
1750444939295 9.0 1549
1750444945610 9.0 1550
1750444951312 9.0 1551
1750444955986 9.0 1552
1750444973765 9.0 1553
1750444980071 9.0 1554
1750444985401 9.0 1555
1750444989393 9.0 1556
1750445004126 9.0 1557
1750445010458 9.0 1558
1750445016795 9.0 1559
1750445023024 9.0 1560
1750445039711 9.0 1561
1750445046020 9.0 1562
1750445051897 9.0 1563
1750445058128 9.0 1564
1750445070582 9.0 1565
1750445076927 9.0 1566
1750445083257 9.0 1567
1750445089612 9.0 1568
1750445100239 9.0 1569
1750445107037 9.0 1570
1750445113420 9.0 1571
1750445119767 9.0 1572
1750445132597 9.0 1573
1750445138898 9.0 1574
1750445145200 9.0 1575
1750445151561 9.0 1576
1750445168012 9.0 1577
1750445174354 9.0 1578
1750445180686 9.0 1579
1750445187028 9.0 1580
1750445201104 9.0 1581
1750445206232 9.0 1582
1750445210174 9.0 1583
1750445214222 9.0 1584
1750445230689 9.0 1585
1750445237082 9.0 1586
1750445243464 9.0 1587
1750445249819 9.0 1588
1750445264042 9.0 1589
1750445270437 9.0 1590
1750445276767 9.0 1591
1750445283304 9.0 1592
1750445295571 9.0 1593
1750445301972 9.0 1594
1750445308371 9.0 1595
1750445314595 9.0 1596
1750445326110 9.0 1597
1750445332415 9.0 1598
1750445338711 9.0 1599
1750445345222 9.0 1600
1750445364127 9.0 1601
1750445368036 9.0 1602
1750445374072 9.0 1603
1750445378824 9.0 1604
1750445393781 9.0 1605
1750445400134 9.0 1606
1750445406739 9.0 1607
1750445413082 9.0 1608
1750445422390 9.0 1609
1750445428685 9.0 1610
1750445435003 9.0 1611
1750445441340 9.0 1612
1750445450462 9.0 1613
1750445457164 9.0 1614
1750445463540 9.0 1615
1750445469896 9.0 1616
1750445480148 9.0 1617
1750445486478 9.0 1618
1750445492868 9.0 1619
1750445499604 9.0 1620
1750445509573 9.0 1621
1750445516278 9.0 1622
1750445522530 9.0 1623
1750445528887 9.0 1624
1750445544233 9.0 1625
1750445550604 9.0 1626
1750445556955 9.0 1627
1750445563195 9.0 1628
1750445580008 9.0 1629
1750445586334 9.0 1630
1750445592687 9.0 1631
1750445596739 9.0 1632
1750445609935 9.0 1633
1750445616263 9.0 1634
1750445622610 9.0 1635
1750445629117 9.0 1636
1750445642796 9.0 1637
1750445648732 9.0 1638
1750445654997 9.0 1639
1750445661455 9.0 1640
1750445670890 9.0 1641
1750445677153 9.0 1642
1750445683451 9.0 1643
1750445688383 9.0 1644
1750445699350 9.0 1645
1750445703171 9.0 1646
1750445706982 9.0 1647
1750445715270 9.0 1648
1750445722992 9.0 1649
1750446039737 9.0 1649
1750446074227 10.0 1650
1750446080876 10.0 1651
1750446087182 10.0 1652
1750446093505 10.0 1653
1750446103414 10.0 1654
1750446108034 10.0 1655
1750446114410 10.0 1656
1750446120707 10.0 1657
1750446139648 10.0 1658
1750446146259 10.0 1659
1750446152543 10.0 1660
1750446158858 10.0 1661
1750446168609 10.0 1662
1750446174950 10.0 1663
1750446181235 10.0 1664
1750446185157 10.0 1665
1750446197527 10.0 1666
1750446206639 10.0 1667
1750446212824 10.0 1668
1750446219147 10.0 1669
1750446230782 10.0 1670
1750446234765 10.0 1671
1750446241056 10.0 1672
1750446247685 10.0 1673
1750446264357 10.0 1674
1750446270644 10.0 1675
1750446276902 10.0 1676
1750446283132 10.0 1677
1750446295421 10.0 1678
1750446301658 10.0 1679
1750446308224 10.0 1680
1750446312904 10.0 1681
1750446325096 10.0 1682
1750446336123 10.0 1683
1750446342538 10.0 1684
1750446348846 10.0 1685
1750446357344 10.0 1686
1750446370277 10.0 1687
1750446376879 10.0 1688
1750446383275 10.0 1689
1750446389573 10.0 1690
1750446401465 10.0 1691
1750446407708 10.0 1692
1750446414004 10.0 1693
1750446417936 10.0 1694
1750446434241 10.0 1695
1750446439227 10.0 1696
1750446445499 10.0 1697
1750446451817 10.0 1698
1750446465886 10.0 1699
1750446472242 10.0 1700
1750446478519 10.0 1701
1750446485075 10.0 1702
1750446499355 10.0 1703
1750446505678 10.0 1704
1750446511985 10.0 1705
1750446516606 10.0 1706
1750446528208 10.0 1707
1750446534523 10.0 1708
1750446540840 10.0 1709
1750446547412 10.0 1710
1750446556819 10.0 1711
1750446564762 10.0 1712
1750446571041 10.0 1713
1750446577400 10.0 1714
1750446585299 10.0 1715
1750446603507 10.0 1716
1750446610147 10.0 1717
1750446616458 10.0 1718
1750446622722 10.0 1719
1750446637158 10.0 1720
1750446643508 10.0 1721
1750446649837 10.0 1722
1750446656128 10.0 1723
1750446664077 10.0 1724
1750446672489 10.0 1725
1750446678868 10.0 1726
1750446685130 10.0 1727
1750446699879 10.0 1728
1750446706189 10.0 1729
1750446712481 10.0 1730
1750446717467 10.0 1731
1750446732466 10.0 1732
1750446738715 10.0 1733
1750446745001 10.0 1734
1750446751291 10.0 1735
1750446760971 10.0 1736
1750446767703 10.0 1737
1750446773959 10.0 1738
1750446779371 10.0 1739
1750446796505 10.0 1740
1750446800549 10.0 1741
1750446804564 10.0 1742
1750446808635 10.0 1743
1750446832155 10.0 1744
1750446838493 10.0 1745
1750446844811 10.0 1746
1750446851449 10.0 1747
1750446864499 10.0 1748
1750446872027 10.0 1749
1750446878263 10.0 1750
1750446884470 10.0 1751
1750446895730 10.0 1752
1750446904546 10.0 1753
1750446911166 10.0 1754
1750446917479 10.0 1755
1750446925040 10.0 1756
1750446940597 10.0 1757
1750446945759 10.0 1758
1750446952115 10.0 1759
1750446958470 10.0 1760
1750446971881 10.0 1761
1750446978511 10.0 1762
1750446984771 10.0 1763
1750446991145 10.0 1764
1750447001345 10.0 1765
1750447008074 10.0 1766
1750447014816 10.0 1767
1750447021165 10.0 1768
1750447033285 10.0 1769
1750447039487 10.0 1770
1750447045794 10.0 1771
1750447052076 10.0 1772
1750447068623 10.0 1773
1750447074935 10.0 1774
1750447079022 10.0 1775
1750447085511 10.0 1776
1750447105107 10.0 1777
1750447111556 10.0 1778
1750447117909 10.0 1779
1750447124255 10.0 1780
1750447135188 10.0 1781
1750447141448 10.0 1782
1750447147822 10.0 1783
1750447154451 10.0 1784
1750447166156 10.0 1785
1750447172404 10.0 1786
1750447178785 10.0 1787
1750447185111 10.0 1788
1750447195030 10.0 1789
1750447201353 10.0 1790
1750447207953 10.0 1791
1750447214218 10.0 1792
1750447228628 10.0 1793
1750447234985 10.0 1794
1750447241280 10.0 1795
1750447247616 10.0 1796
1750447261675 10.0 1797
1750447268069 10.0 1798
1750447274580 10.0 1799
1750447280961 10.0 1800
1750447294251 10.0 1801
1750447300520 10.0 1802
1750447306865 10.0 1803
1750447313232 10.0 1804
1750447328618 10.0 1805
1750447335197 10.0 1806
1750447341406 10.0 1807
1750447345415 10.0 1808
1750447356684 10.0 1809
1750447360503 10.0 1810
1750447364315 10.0 1811
1750447368028 10.0 1812
1750447383190 10.0 1813
1750447386527 10.0 1814
1750447690169 10.0 1814
1750447724237 11.0 1815
1750447730603 11.0 1816
1750447736975 11.0 1817
1750447743268 11.0 1818
1750447756176 11.0 1819
1750447762397 11.0 1820
1750447768939 11.0 1821
1750447775241 11.0 1822
1750447787001 11.0 1823
1750447793311 11.0 1824
1750447799612 11.0 1825
1750447805886 11.0 1826
1750447820292 11.0 1827
1750447826694 11.0 1828
1750447833258 11.0 1829
1750447839530 11.0 1830
1750447848623 11.0 1831
1750447854976 11.0 1832
1750447861223 11.0 1833
1750447867515 11.0 1834
1750447877055 11.0 1835
1750447881818 11.0 1836
1750447892408 11.0 1837
1750447898753 11.0 1838
1750447905585 11.0 1839
1750447911903 11.0 1840
1750447923391 11.0 1841
1750447931370 11.0 1842
1750447938020 11.0 1843
1750447944428 11.0 1844
1750447958138 11.0 1845
1750447964925 11.0 1846
1750447971266 11.0 1847
1750447977577 11.0 1848
1750447990411 11.0 1849
1750448001154 11.0 1850
1750448007449 11.0 1851
1750448013798 11.0 1852
1750448021260 11.0 1853
1750448035600 11.0 1854
1750448041911 11.0 1855
1750448048257 11.0 1856
1750448054872 11.0 1857
1750448068389 11.0 1858
1750448074679 11.0 1859
1750448080970 11.0 1860
1750448087278 11.0 1861
1750448098561 11.0 1862
1750448104769 11.0 1863
1750448111368 11.0 1864
1750448119489 11.0 1865
1750448130928 11.0 1866
1750448137216 11.0 1867
1750448143561 11.0 1868
1750448149968 11.0 1869
1750448165359 11.0 1870
1750448171692 11.0 1871
1750448178328 11.0 1872
1750448184679 11.0 1873
1750448196250 11.0 1874
1750448202587 11.0 1875
1750448208814 11.0 1876
1750448215096 11.0 1877
1750448227244 11.0 1878
1750448233855 11.0 1879
1750448240350 11.0 1880
1750448246657 11.0 1881
1750448256106 11.0 1882
1750448262429 11.0 1883
1750448268760 11.0 1884
1750448275106 11.0 1885
1750448292000 11.0 1886
1750448298687 11.0 1887
1750448304967 11.0 1888
1750448311397 11.0 1889
1750448326030 11.0 1890
1750448332328 11.0 1891
1750448338681 11.0 1892
1750448345034 11.0 1893
1750448357908 11.0 1894
1750448364296 11.0 1895
1750448370644 11.0 1896
1750448375259 11.0 1897
1750448387704 11.0 1898
1750448394028 11.0 1899
1750448400317 11.0 1900
1750448408702 11.0 1901
1750448416450 11.0 1902
1750448422671 11.0 1903
1750448428908 11.0 1904
1750448441950 11.0 1905
1750448448209 11.0 1906
1750448452193 11.0 1907
1750448456939 11.0 1908
1750448471475 11.0 1909
1750448475429 11.0 1910
1750448484197 11.0 1911
1750448490495 11.0 1912
1750448508499 11.0 1913
1750448514841 11.0 1914
1750448521173 11.0 1915
1750448527787 11.0 1916
1750448539397 11.0 1917
1750448545658 11.0 1918
1750448552000 11.0 1919
1750448558308 11.0 1920
1750448568656 11.0 1921
1750448574967 11.0 1922
1750448581531 11.0 1923
1750448588186 11.0 1924
1750448607130 11.0 1925
1750448613347 11.0 1926
1750448619694 11.0 1927
1750448626041 11.0 1928
1750448635787 11.0 1929
1750448641431 11.0 1930
1750448648022 11.0 1931
1750448653311 11.0 1932
1750448665637 11.0 1933
1750448671986 11.0 1934
1750448679571 11.0 1935
1750448685927 11.0 1936
1750448694487 11.0 1937
1750448701089 11.0 1938
1750448712777 11.0 1939
1750448719139 11.0 1940
1750448725491 11.0 1941
1750448731750 11.0 1942
1750448742785 11.0 1943
1750448747662 11.0 1944
1750448753952 11.0 1945
1750448761264 11.0 1946
1750448775283 11.0 1947
1750448781647 11.0 1948
1750448788706 11.0 1949
1750448794991 11.0 1950
1750448811757 11.0 1951
1750448817996 11.0 1952
1750448824491 11.0 1953
1750448830773 11.0 1954
1750448840642 11.0 1955
1750448846976 11.0 1956
1750448853618 11.0 1957
1750448862545 11.0 1958
1750448871793 11.0 1959
1750448878083 11.0 1960
1750448884967 11.0 1961
1750448897305 11.0 1962
1750448904080 11.0 1963
1750448910457 11.0 1964
1750448920645 11.0 1965
1750448926942 11.0 1966
1750448937554 11.0 1967
1750448944142 11.0 1968
1750448952199 11.0 1969
1750448963250 11.0 1970
1750448969543 11.0 1971
1750448975769 11.0 1972
1750448987794 11.0 1973
1750448991807 11.0 1974
1750448995917 11.0 1975
1750448999871 11.0 1976
1750449015087 11.0 1977
1750449018808 11.0 1978
1750449022181 11.0 1979
1750449332085 11.0 1979
1750449366259 12.0 1980
1750449372549 12.0 1981
1750449378830 12.0 1982
1750449385444 12.0 1983
1750449397701 12.0 1984
1750449403966 12.0 1985
1750449410300 12.0 1986
1750449416625 12.0 1987
1750449431926 12.0 1988
1750449438216 12.0 1989
1750449444784 12.0 1990
1750449451112 12.0 1991
1750449464076 12.0 1992
1750449468666 12.0 1993
1750449474979 12.0 1994
1750449481258 12.0 1995
1750449497442 12.0 1996
1750449503727 12.0 1997
1750449510282 12.0 1998
1750449516620 12.0 1999
1750449531144 12.0 2000
1750449537502 12.0 2001
1750449543830 12.0 2002
1750449550071 12.0 2003
1750449569216 12.0 2004
1750449573364 12.0 2005
1750449578015 12.0 2006
1750449584255 12.0 2007
1750449601651 12.0 2008
1750449606620 12.0 2009
1750449612956 12.0 2010
1750449619197 12.0 2011
1750449632986 12.0 2012
1750449638716 12.0 2013
1750449644409 12.0 2014
1750449648366 12.0 2015
1750449661852 12.0 2016
1750449668175 12.0 2017
1750449674481 12.0 2018
1750449680836 12.0 2019
1750449695960 12.0 2020
1750449701168 12.0 2021
1750449707476 12.0 2022
1750449713711 12.0 2023
1750449726919 12.0 2024
1750449733281 12.0 2025
1750449739671 12.0 2026
1750449746288 12.0 2027
1750449765528 12.0 2028
1750449769535 12.0 2029
1750449773591 12.0 2030
1750449779858 12.0 2031
1750449794368 12.0 2032
1750449800661 12.0 2033
1750449807113 12.0 2034
1750449811770 12.0 2035
1750449823320 12.0 2036
1750449829674 12.0 2037
1750449835985 12.0 2038
1750449842218 12.0 2039
1750449855094 12.0 2040
1750449861527 12.0 2041
1750449867937 12.0 2042
1750449874279 12.0 2043
1750449883578 12.0 2044
1750449889900 12.0 2045
1750449896184 12.0 2046
1750449902438 12.0 2047
1750449917104 12.0 2048
1750449923796 12.0 2049
1750449930160 12.0 2050
1750449936521 12.0 2051
1750449952987 12.0 2052
1750449959318 12.0 2053
1750449965638 12.0 2054
1750449971863 12.0 2055
1750449986735 12.0 2056
1750449993012 12.0 2057
1750449999258 12.0 2058
1750450005544 12.0 2059
1750450022348 12.0 2060
1750450028104 12.0 2061
1750450033238 12.0 2062
1750450039538 12.0 2063
1750450056208 12.0 2064
1750450060188 12.0 2065
1750450064219 12.0 2066
1750450070523 12.0 2067
1750450087199 12.0 2068
1750450093485 12.0 2069
1750450098338 12.0 2070
1750450102519 12.0 2071
1750450118246 12.0 2072
1750450124531 12.0 2073
1750450130896 12.0 2074
1750450137195 12.0 2075
1750450150596 12.0 2076
1750450156924 12.0 2077
1750450163303 12.0 2078
1750450169890 12.0 2079
1750450182017 12.0 2080
1750450187503 12.0 2081
1750450191508 12.0 2082
1750450195542 12.0 2083
1750450210249 12.0 2084
1750450216677 12.0 2085
1750450223188 12.0 2086
1750450229474 12.0 2087
1750450238821 12.0 2088
1750450245115 12.0 2089
1750450251407 12.0 2090
1750450257711 12.0 2091
1750450272628 12.0 2092
1750450279257 12.0 2093
1750450285586 12.0 2094
1750450291876 12.0 2095
1750450305415 12.0 2096
1750450311696 12.0 2097
1750450318007 12.0 2098
1750450321964 12.0 2099
1750450336432 12.0 2100
1750450343072 12.0 2101
1750450349408 12.0 2102
1750450353376 12.0 2103
1750450364988 12.0 2104
1750450371334 12.0 2105
1750450377714 12.0 2106
1750450385841 12.0 2107
1750450400324 12.0 2108
1750450406724 12.0 2109
1750450413132 12.0 2110
1750450417166 12.0 2111
1750450435065 12.0 2112
1750450441375 12.0 2113
1750450447675 12.0 2114
1750450453908 12.0 2115
1750450466521 12.0 2116
1750450472751 12.0 2117
1750450479028 12.0 2118
1750450485302 12.0 2119
1750450498358 12.0 2120
1750450502338 12.0 2121
1750450508593 12.0 2122
1750450513471 12.0 2123
1750450528969 12.0 2124
1750450535318 12.0 2125
1750450541578 12.0 2126
1750450547898 12.0 2127
1750450559731 12.0 2128
1750450566097 12.0 2129
1750450572740 12.0 2130
1750450577170 12.0 2131
1750450597160 12.0 2132
1750450603452 12.0 2133
1750450609836 12.0 2134
1750450614478 12.0 2135
1750450630634 12.0 2136
1750450634585 12.0 2137
1750450638683 12.0 2138
1750450642479 12.0 2139
1750450657054 12.0 2140
1750450660819 12.0 2141
1750450664535 12.0 2142
1750450668250 12.0 2143
1750450680740 12.0 2144
1750450992272 12.0 2144
1750451027899 13.0 2145
1750451034694 13.0 2146
1750451041450 13.0 2147
1750451047735 13.0 2148
1750451057484 13.0 2149
1750451063833 13.0 2150
1750451070141 13.0 2151
1750451074075 13.0 2152
1750451091052 13.0 2153
1750451098773 13.0 2154
1750451105117 13.0 2155
1750451111449 13.0 2156
1750451119625 13.0 2157
1750451135447 13.0 2158
1750451141859 13.0 2159
1750451148406 13.0 2160
1750451155383 13.0 2161
1750451167672 13.0 2162
1750451174051 13.0 2163
1750451180433 13.0 2164
1750451186709 13.0 2165
1750451197264 13.0 2166
1750451203775 13.0 2167
1750451210160 13.0 2168
1750451222056 13.0 2169
1750451226068 13.0 2170
1750451232410 13.0 2171
1750451238698 13.0 2172
1750451252413 13.0 2173
1750451260550 13.0 2174
1750451266823 13.0 2175
1750451273050 13.0 2176
1750451283661 13.0 2177
1750451290707 13.0 2178
1750451297044 13.0 2179
1750451301042 13.0 2180
1750451319291 13.0 2181
1750451323918 13.0 2182
1750451330272 13.0 2183
1750451334289 13.0 2184
1750451347908 13.0 2185
1750451357852 13.0 2186
1750451361961 13.0 2187
1750451368279 13.0 2188
1750451378446 13.0 2189
1750451391031 13.0 2190
1750451397348 13.0 2191
1750451403613 13.0 2192
1750451407590 13.0 2193
1750451422584 13.0 2194
1750451428918 13.0 2195
1750451435447 13.0 2196
1750451441689 13.0 2197
1750451453455 13.0 2198
1750451457373 13.0 2199
1750451461419 13.0 2200
1750451465416 13.0 2201
1750451491737 13.0 2202
1750451498047 13.0 2203
1750451504566 13.0 2204
1750451510871 13.0 2205
1750451526020 13.0 2206
1750451529951 13.0 2207
1750451533966 13.0 2208
1750451538626 13.0 2209
1750451562326 13.0 2210
1750451568732 13.0 2211
1750451575000 13.0 2212
1750451581303 13.0 2213
1750451590758 13.0 2214
1750451597048 13.0 2215
1750451603334 13.0 2216
1750451609492 13.0 2217
1750451626370 13.0 2218
1750451632716 13.0 2219
1750451639014 13.0 2220
1750451645357 13.0 2221
1750451655634 13.0 2222
1750451661995 13.0 2223
1750451668290 13.0 2224
1750451674582 13.0 2225
1750451686370 13.0 2226
1750451690397 13.0 2227
1750451696743 13.0 2228
1750451703105 13.0 2229
1750451717059 13.0 2230
1750451723374 13.0 2231
1750451729684 13.0 2232
1750451736297 13.0 2233
1750451747657 13.0 2234
1750451754022 13.0 2235
1750451760252 13.0 2236
1750451766596 13.0 2237
1750451782004 13.0 2238
1750451788307 13.0 2239
1750451794787 13.0 2240
1750451801295 13.0 2241
1750451814997 13.0 2242
1750451821209 13.0 2243
1750451827455 13.0 2244
1750451833781 13.0 2245
1750451853138 13.0 2246
1750451857764 13.0 2247
1750451862048 13.0 2248
1750451868274 13.0 2249
1750451885808 13.0 2250
1750451890439 13.0 2251
1750451896081 13.0 2252
1750451900024 13.0 2253
1750451916934 13.0 2254
1750451923486 13.0 2255
1750451929828 13.0 2256
1750451936201 13.0 2257
1750451945329 13.0 2258
1750451951702 13.0 2259
1750451958062 13.0 2260
1750451964416 13.0 2261
1750451973532 13.0 2262
1750451980014 13.0 2263
1750451986345 13.0 2264
1750451992746 13.0 2265
1750452002220 13.0 2266
1750452008546 13.0 2267
1750452014799 13.0 2268
1750452021083 13.0 2269
1750452033148 13.0 2270
1750452039537 13.0 2271
1750452045919 13.0 2272
1750452052328 13.0 2273
1750452061156 13.0 2274
1750452067441 13.0 2275
1750452073829 13.0 2276
1750452080169 13.0 2277
1750452089833 13.0 2278
1750452096303 13.0 2279
1750452103911 13.0 2280
1750452107924 13.0 2281
1750452121475 13.0 2282
1750452127826 13.0 2283
1750452138416 13.0 2284
1750452145016 13.0 2285
1750452153863 13.0 2286
1750452160186 13.0 2287
1750452167281 13.0 2288
1750452171866 13.0 2289
1750452187695 13.0 2290
1750452194044 13.0 2291
1750452200638 13.0 2292
1750452207515 13.0 2293
1750452216471 13.0 2294
1750452223437 13.0 2295
1750452233210 13.0 2296
1750452239504 13.0 2297
1750452245813 13.0 2298
1750452257576 13.0 2299
1750452270464 13.0 2300
1750452276737 13.0 2301
1750452283022 13.0 2302
1750452289942 13.0 2303
1750452303023 13.0 2304
1750452307038 13.0 2305
1750452310971 13.0 2306
1750452317501 13.0 2307
1750452329319 13.0 2308
1750452332672 13.0 2309
1750452640419 13.0 2309
1750452677273 14.0 2310
1750452682114 14.0 2311
1750452687202 14.0 2312
1750452693255 14.0 2313
1750452713743 14.0 2314
1750452720310 14.0 2315
1750452724936 14.0 2316
1750452731301 14.0 2317
1750452743773 14.0 2318
1750452750166 14.0 2319
1750452756447 14.0 2320
1750452762768 14.0 2321
1750452774822 14.0 2322
1750452779528 14.0 2323
1750452785885 14.0 2324
1750452790563 14.0 2325
1750452809312 14.0 2326
1750452815564 14.0 2327
1750452821848 14.0 2328
1750452828578 14.0 2329
1750452840623 14.0 2330
1750452849648 14.0 2331
1750452855921 14.0 2332
1750452862143 14.0 2333
1750452870143 14.0 2334
1750452882011 14.0 2335
1750452888570 14.0 2336
1750452894867 14.0 2337
1750452901085 14.0 2338
1750452914730 14.0 2339
1750452921076 14.0 2340
1750452927444 14.0 2341
1750452933755 14.0 2342
1750452946354 14.0 2343
1750452952879 14.0 2344
1750452959250 14.0 2345
1750452965563 14.0 2346
1750452980478 14.0 2347
1750452986777 14.0 2348
1750452993002 14.0 2349
1750452999341 14.0 2350
1750453012449 14.0 2351
1750453018639 14.0 2352
1750453024934 14.0 2353
1750453031274 14.0 2354
1750453043534 14.0 2355
1750453049889 14.0 2356
1750453056221 14.0 2357
1750453062854 14.0 2358
1750453072088 14.0 2359
1750453078401 14.0 2360
1750453084704 14.0 2361
1750453090893 14.0 2362
1750453100665 14.0 2363
1750453106959 14.0 2364
1750453113299 14.0 2365
1750453119872 14.0 2366
1750453135919 14.0 2367
1750453142116 14.0 2368
1750453148399 14.0 2369
1750453152838 14.0 2370
1750453169694 14.0 2371
1750453176037 14.0 2372
1750453182610 14.0 2373
1750453188962 14.0 2374
1750453205890 14.0 2375
1750453212239 14.0 2376
1750453218616 14.0 2377
1750453224876 14.0 2378
1750453236955 14.0 2379
1750453243273 14.0 2380
1750453249875 14.0 2381
1750453256203 14.0 2382
1750453270836 14.0 2383
1750453277130 14.0 2384
1750453283561 14.0 2385
1750453288655 14.0 2386
1750453306882 14.0 2387
1750453313398 14.0 2388
1750453319685 14.0 2389
1750453326055 14.0 2390
1750453339845 14.0 2391
1750453343893 14.0 2392
1750453347889 14.0 2393
1750453351815 14.0 2394
1750453372066 14.0 2395
1750453375941 14.0 2396
1750453379833 14.0 2397
1750453383772 14.0 2398
1750453401385 14.0 2399
1750453407737 14.0 2400
1750453412712 14.0 2401
1750453418418 14.0 2402
1750453432509 14.0 2403
1750453438855 14.0 2404
1750453442813 14.0 2405
1750453446711 14.0 2406
1750453460492 14.0 2407
1750453466821 14.0 2408
1750453473156 14.0 2409
1750453479657 14.0 2410
1750453491568 14.0 2411
1750453497933 14.0 2412
1750453501854 14.0 2413
1750453508088 14.0 2414
1750453525125 14.0 2415
1750453531524 14.0 2416
1750453536120 14.0 2417
1750453542814 14.0 2418
1750453555804 14.0 2419
1750453562178 14.0 2420
1750453568734 14.0 2421
1750453574938 14.0 2422
1750453588225 14.0 2423
1750453594582 14.0 2424
1750453603721 14.0 2425
1750453610054 14.0 2426
1750453619770 14.0 2427
1750453626057 14.0 2428
1750453632501 14.0 2429
1750453638799 14.0 2430
1750453651545 14.0 2431
1750453658316 14.0 2432
1750453665715 14.0 2433
1750453672020 14.0 2434
1750453686489 14.0 2435
1750453692649 14.0 2436
1750453699146 14.0 2437
1750453705433 14.0 2438
1750453719080 14.0 2439
1750453725573 14.0 2440
1750453732222 14.0 2441
1750453738566 14.0 2442
1750453751563 14.0 2443
1750453757946 14.0 2444
1750453761890 14.0 2445
1750453765799 14.0 2446
1750453785420 14.0 2447
1750453791804 14.0 2448
1750453798160 14.0 2449
1750453804482 14.0 2450
1750453813790 14.0 2451
1750453820137 14.0 2452
1750453826449 14.0 2453
1750453832731 14.0 2454
1750453844655 14.0 2455
1750453850919 14.0 2456
1750453855619 14.0 2457
1750453861907 14.0 2458
1750453879002 14.0 2459
1750453885368 14.0 2460
1750453891720 14.0 2461
1750453898326 14.0 2462
1750453913316 14.0 2463
1750453919659 14.0 2464
1750453926006 14.0 2465
1750453932336 14.0 2466
1750453945961 14.0 2467
1750453951940 14.0 2468
1750453956108 14.0 2469
1750453959996 14.0 2470
1750453972633 14.0 2471
1750453976317 14.0 2472
1750453979967 14.0 2473
1750453983279 14.0 2474
1750454298667 14.0 2474
1750454332771 15.0 2475
1750454339054 15.0 2476
1750454345633 15.0 2477
1750454351927 15.0 2478
1750454361202 15.0 2479
1750454365150 15.0 2480
1750454369110 15.0 2481
1750454373768 15.0 2482
1750454391983 15.0 2483
1750454398657 15.0 2484
1750454405146 15.0 2485
1750454411488 15.0 2486
1750454427222 15.0 2487
1750454433569 15.0 2488
1750454439937 15.0 2489
1750454446256 15.0 2490
1750454460042 15.0 2491
1750454466452 15.0 2492
1750454470824 15.0 2493
1750454475980 15.0 2494
1750454492210 15.0 2495
1750454496686 15.0 2496
1750454509619 15.0 2497
1750454516334 15.0 2498
1750454528826 15.0 2499
1750454535836 15.0 2500
1750454546614 15.0 2501
1750454553244 15.0 2502
1750454560836 15.0 2503
1750454567588 15.0 2504
1750454579918 15.0 2505
1750454585507 15.0 2506
1750454594206 15.0 2507
1750454600520 15.0 2508
1750454613864 15.0 2509
1750454620158 15.0 2510
1750454627663 15.0 2511
1750454634353 15.0 2512
1750454646660 15.0 2513
1750454651290 15.0 2514
1750454661379 15.0 2515
1750454668033 15.0 2516
1750454682880 15.0 2517
1750454689519 15.0 2518
1750454696212 15.0 2519
1750454703217 15.0 2520
1750454718614 15.0 2521
1750454725377 15.0 2522
1750454732140 15.0 2523
1750454738916 15.0 2524
1750454752669 15.0 2525
1750454758768 15.0 2526
1750454768623 15.0 2527
1750454774280 15.0 2528
1750454787509 15.0 2529
1750454794179 15.0 2530
1750454804006 15.0 2531
1750454810738 15.0 2532
1750454818891 15.0 2533
1750454825646 15.0 2534
1750454838776 15.0 2535
1750454844396 15.0 2536
1750454857174 15.0 2537
1750454863526 15.0 2538
1750454869796 15.0 2539
1750454874449 15.0 2540
1750454890924 15.0 2541
1750454894948 15.0 2542
1750454900722 15.0 2543
1750454907047 15.0 2544
1750454923818 15.0 2545
1750454930119 15.0 2546
1750454936428 15.0 2547
1750454942695 15.0 2548
1750454956220 15.0 2549
1750454962757 15.0 2550
1750454967473 15.0 2551
1750454975232 15.0 2552
1750454984976 15.0 2553
1750454991343 15.0 2554
1750454997869 15.0 2555
1750455007886 15.0 2556
1750455015695 15.0 2557
1750455022270 15.0 2558
1750455028789 15.0 2559
1750455042436 15.0 2560
1750455048553 15.0 2561
1750455054903 15.0 2562
1750455058998 15.0 2563
1750455078467 15.0 2564
1750455084896 15.0 2565
1750455089470 15.0 2566
1750455093496 15.0 2567
1750455107132 15.0 2568
1750455111778 15.0 2569
1750455118037 15.0 2570
1750455124295 15.0 2571
1750455138298 15.0 2572
1750455145436 15.0 2573
1750455149809 15.0 2574
1750455153799 15.0 2575
1750455169029 15.0 2576
1750455175808 15.0 2577
1750455182057 15.0 2578
1750455189064 15.0 2579
1750455199618 15.0 2580
1750455206680 15.0 2581
1750455212992 15.0 2582
1750455225007 15.0 2583
1750455231446 15.0 2584
1750455237766 15.0 2585
1750455244009 15.0 2586
1750455256689 15.0 2587
1750455263015 15.0 2588
1750455272610 15.0 2589
1750455278929 15.0 2590
1750455292066 15.0 2591
1750455298334 15.0 2592
1750455302754 15.0 2593
1750455309020 15.0 2594
1750455323661 15.0 2595
1750455329943 15.0 2596
1750455336206 15.0 2597
1750455342516 15.0 2598
1750455354550 15.0 2599
1750455360893 15.0 2600
1750455367108 15.0 2601
1750455373656 15.0 2602
1750455386568 15.0 2603
1750455392909 15.0 2604
1750455399242 15.0 2605
1750455405533 15.0 2606
1750455419856 15.0 2607
1750455425479 15.0 2608
1750455429728 15.0 2609
1750455433674 15.0 2610
1750455449997 15.0 2611
1750455457377 15.0 2612
1750455463675 15.0 2613
1750455470026 15.0 2614
1750455486162 15.0 2615
1750455490458 15.0 2616
1750455494601 15.0 2617
1750455498531 15.0 2618
1750455514608 15.0 2619
1750455523616 15.0 2620
1750455528498 15.0 2621
1750455532579 15.0 2622
1750455543178 15.0 2623
1750455557252 15.0 2624
1750455563574 15.0 2625
1750455569878 15.0 2626
1750455576193 15.0 2627
1750455595533 15.0 2628
1750455601840 15.0 2629
1750455608080 15.0 2630
1750455614451 15.0 2631
1750455629072 15.0 2632
1750455634158 15.0 2633
1750455638093 15.0 2634
1750455641979 15.0 2635
1750455658266 15.0 2636
1750455661934 15.0 2637
1750455665639 15.0 2638
1750455669187 15.0 2639
1750455983529 15.0 2639
1750456017696 16.0 2640
1750456023999 16.0 2641
1750456030311 16.0 2642
1750456036770 16.0 2643
1750456051101 16.0 2644
1750456057442 16.0 2645
1750456063989 16.0 2646
1750456070332 16.0 2647
1750456083268 16.0 2648
1750456089647 16.0 2649
1750456096179 16.0 2650
1750456102459 16.0 2651
1750456113797 16.0 2652
1750456120116 16.0 2653
1750456124666 16.0 2654
1750456130984 16.0 2655
1750456149901 16.0 2656
1750456156152 16.0 2657
1750456161522 16.0 2658
1750456167825 16.0 2659
1750456180824 16.0 2660
1750456187374 16.0 2661
1750456193637 16.0 2662
1750456199973 16.0 2663
1750456209097 16.0 2664
1750456213040 16.0 2665
1750456216911 16.0 2666
1750456220765 16.0 2667
1750456239824 16.0 2668
1750456247794 16.0 2669
1750456254061 16.0 2670
1750456260338 16.0 2671
1750456270427 16.0 2672
1750456283399 16.0 2673
1750456289768 16.0 2674
1750456296388 16.0 2675
1750456304144 16.0 2676
1750456315041 16.0 2677
1750456321377 16.0 2678
1750456327714 16.0 2679
1750456333435 16.0 2680
1750456345967 16.0 2681
1750456352270 16.0 2682
1750456358882 16.0 2683
1750456371597 16.0 2684
1750456378259 16.0 2685
1750456384572 16.0 2686
1750456390863 16.0 2687
1750456403195 16.0 2688
1750456407817 16.0 2689
1750456414256 16.0 2690
1750456420498 16.0 2691
1750456431873 16.0 2692
1750456443918 16.0 2693
1750456450295 16.0 2694
1750456456655 16.0 2695
1750456463107 16.0 2696
1750456476079 16.0 2697
1750456482470 16.0 2698
1750456488748 16.0 2699
1750456495088 16.0 2700
1750456507527 16.0 2701
1750456513860 16.0 2702
1750456520248 16.0 2703
1750456526528 16.0 2704
1750456536598 16.0 2705
1750456544984 16.0 2706
1750456551351 16.0 2707
1750456557670 16.0 2708
1750456565282 16.0 2709
1750456578847 16.0 2710
1750456585107 16.0 2711
1750456591640 16.0 2712
1750456597778 16.0 2713
1750456612467 16.0 2714
1750456618830 16.0 2715
1750456625189 16.0 2716
1750456631461 16.0 2717
1750456644629 16.0 2718
1750456651003 16.0 2719
1750456657620 16.0 2720
1750456663852 16.0 2721
1750456678191 16.0 2722
1750456684538 16.0 2723
1750456690788 16.0 2724
1750456697144 16.0 2725
1750456711279 16.0 2726
1750456717890 16.0 2727
1750456724086 16.0 2728
1750456730355 16.0 2729
1750456742226 16.0 2730
1750456748574 16.0 2731
1750456754934 16.0 2732
1750456761245 16.0 2733
1750456770913 16.0 2734
1750456777280 16.0 2735
1750456783784 16.0 2736
1750456787815 16.0 2737
1750456801274 16.0 2738
1750456807560 16.0 2739
1750456813858 16.0 2740
1750456824456 16.0 2741
1750456831770 16.0 2742
1750456838113 16.0 2743
1750456844414 16.0 2744
1750456856456 16.0 2745
1750456865739 16.0 2746
1750456872040 16.0 2747
1750456878380 16.0 2748
1750456885663 16.0 2749
1750456899702 16.0 2750
1750456906017 16.0 2751
1750456912344 16.0 2752
1750456918674 16.0 2753
1750456928201 16.0 2754
1750456934517 16.0 2755
1750456940870 16.0 2756
1750456947492 16.0 2757
1750456958557 16.0 2758
1750456964875 16.0 2759
1750456971196 16.0 2760
1750456977498 16.0 2761
1750456989436 16.0 2762
1750456995781 16.0 2763
1750457004904 16.0 2764
1750457011279 16.0 2765
1750457024263 16.0 2766
1750457030569 16.0 2767
1750457036917 16.0 2768
1750457043274 16.0 2769
1750457059781 16.0 2770
1750457066269 16.0 2771
1750457072586 16.0 2772
1750457078858 16.0 2773
1750457092172 16.0 2774
1750457098481 16.0 2775
1750457104788 16.0 2776
1750457111096 16.0 2777
1750457128412 16.0 2778
1750457135050 16.0 2779
1750457139026 16.0 2780
1750457143195 16.0 2781
1750457166037 16.0 2782
1750457172252 16.0 2783
1750457177101 16.0 2784
1750457180979 16.0 2785
1750457198939 16.0 2786
1750457202841 16.0 2787
1750457206836 16.0 2788
1750457210907 16.0 2789
1750457229685 16.0 2790
1750457236299 16.0 2791
1750457243106 16.0 2792
1750457249625 16.0 2793
1750457262563 16.0 2794
1750457269249 16.0 2795
1750457275890 16.0 2796
1750457281703 16.0 2797
1750457291466 16.0 2798
1750457295769 16.0 2799
1750457300091 16.0 2800
1750457304544 16.0 2801
1750457319683 16.0 2802
1750457323715 16.0 2803
1750457327419 16.0 2804
1750457657113 16.0 2804
1750457692713 17.0 2805
1750457697040 17.0 2806
1750457701372 17.0 2807
1750457706589 17.0 2808
1750457730220 17.0 2809
1750457736981 17.0 2810
1750457743168 17.0 2811
1750457749772 17.0 2812
1750457768464 17.0 2813
1750457775142 17.0 2814
1750457781261 17.0 2815
1750457788113 17.0 2816
1750457801194 17.0 2817
1750457805595 17.0 2818
1750457810517 17.0 2819
1750457817270 17.0 2820
1750457837444 17.0 2821
1750457844135 17.0 2822
1750457851126 17.0 2823
1750457857406 17.0 2824
1750457869732 17.0 2825
1750457876141 17.0 2826
1750457882514 17.0 2827
1750457888850 17.0 2828
1750457902101 17.0 2829
1750457908695 17.0 2830
1750457914978 17.0 2831
1750457921340 17.0 2832
1750457934869 17.0 2833
1750457941208 17.0 2834
1750457947492 17.0 2835
1750457953724 17.0 2836
1750457967542 17.0 2837
1750457973309 17.0 2838
1750457979621 17.0 2839
1750457985930 17.0 2840
1750457997850 17.0 2841
1750458002607 17.0 2842
1750458008825 17.0 2843
1750458015205 17.0 2844
1750458030601 17.0 2845
1750458036925 17.0 2846
1750458043223 17.0 2847
1750458049531 17.0 2848
1750458067365 17.0 2849
1750458073622 17.0 2850
1750458078486 17.0 2851
1750458082385 17.0 2852
1750458094742 17.0 2853
1750458098992 17.0 2854
1750458102965 17.0 2855
1750458106973 17.0 2856
1750458124908 17.0 2857
1750458135438 17.0 2858
1750458141775 17.0 2859
1750458148411 17.0 2860
1750458154882 17.0 2861
1750458168648 17.0 2862
1750458174972 17.0 2863
1750458181300 17.0 2864
1750458187688 17.0 2865
1750458195801 17.0 2866
1750458199888 17.0 2867
1750458203990 17.0 2868
1750458210990 17.0 2869
1750458232725 17.0 2870
1750458238981 17.0 2871
1750458245309 17.0 2872
1750458251648 17.0 2873
1750458261808 17.0 2874
1750458268394 17.0 2875
1750458274890 17.0 2876
1750458281213 17.0 2877
1750458293008 17.0 2878
1750458299294 17.0 2879
1750458307132 17.0 2880
1750458313458 17.0 2881
1750458327782 17.0 2882
1750458331745 17.0 2883
1750458339463 17.0 2884
1750458345791 17.0 2885
1750458357896 17.0 2886
1750458364245 17.0 2887
1750458373439 17.0 2888
1750458379806 17.0 2889
1750458387124 17.0 2890
1750458393438 17.0 2891
1750458407305 17.0 2892
1750458413625 17.0 2893
1750458419933 17.0 2894
1750458426258 17.0 2895
1750458440089 17.0 2896
1750458446708 17.0 2897
1750458453039 17.0 2898
1750458459345 17.0 2899
1750458470978 17.0 2900
1750458474988 17.0 2901
1750458482455 17.0 2902
1750458488807 17.0 2903
1750458502896 17.0 2904
1750458509206 17.0 2905
1750458515495 17.0 2906
1750458521724 17.0 2907
1750458531364 17.0 2908
1750458537684 17.0 2909
1750458551765 17.0 2910
1750458558045 17.0 2911
1750458564725 17.0 2912
1750458571004 17.0 2913
1750458588322 17.0 2914
1750458594695 17.0 2915
1750458600974 17.0 2916
1750458607314 17.0 2917
1750458616716 17.0 2918
1750458623380 17.0 2919
1750458628046 17.0 2920
1750458634428 17.0 2921
1750458645642 17.0 2922
1750458652017 17.0 2923
1750458658374 17.0 2924
1750458664692 17.0 2925
1750458674812 17.0 2926
1750458681393 17.0 2927
1750458689809 17.0 2928
1750458696084 17.0 2929
1750458703708 17.0 2930
1750458716843 17.0 2931
1750458723188 17.0 2932
1750458729289 17.0 2933
1750458735865 17.0 2934
1750458747618 17.0 2935
1750458754841 17.0 2936
1750458761303 17.0 2937
1750458767624 17.0 2938
1750458777726 17.0 2939
1750458787263 17.0 2940
1750458793922 17.0 2941
1750458798693 17.0 2942
1750458810562 17.0 2943
1750458816866 17.0 2944
1750458830862 17.0 2945
1750458837240 17.0 2946
1750458843535 17.0 2947
1750458851358 17.0 2948
1750458860108 17.0 2949
1750458866550 17.0 2950
1750458872838 17.0 2951
1750458885967 17.0 2952
1750458892262 17.0 2953
1750458898706 17.0 2954
1750458905158 17.0 2955
1750458919988 17.0 2956
1750458926295 17.0 2957
1750458932645 17.0 2958
1750458939097 17.0 2959
1750458951666 17.0 2960
1750458959601 17.0 2961
1750458965797 17.0 2962
1750458972116 17.0 2963
1750458981812 17.0 2964
1750458989023 17.0 2965
1750458993021 17.0 2966
1750458999355 17.0 2967
1750459008783 17.0 2968
1750459013310 17.0 2969
1750459340264 17.0 2969
1750459375179 18.0 2970
1750459381651 18.0 2971
1750459387951 18.0 2972
1750459394296 18.0 2973
1750459406669 18.0 2974
1750459411499 18.0 2975
1750459417930 18.0 2976
1750459424342 18.0 2977
1750459443276 18.0 2978
1750459449834 18.0 2979
1750459456049 18.0 2980
1750459462378 18.0 2981
1750459475653 18.0 2982
1750459482001 18.0 2983
1750459488390 18.0 2984
1750459494686 18.0 2985
1750459508586 18.0 2986
1750459514920 18.0 2987
1750459521257 18.0 2988
1750459527610 18.0 2989
1750459539679 18.0 2990
1750459545943 18.0 2991
1750459552162 18.0 2992
1750459558493 18.0 2993
1750459578136 18.0 2994
1750459584403 18.0 2995
1750459588335 18.0 2996
1750459594712 18.0 2997
1750459609177 18.0 2998
1750459615513 18.0 2999
1750459621759 18.0 3000
1750459628336 18.0 3001
1750459641551 18.0 3002
1750459647164 18.0 3003
1750459653509 18.0 3004
1750459659890 18.0 3005
1750459678619 18.0 3006
1750459683928 18.0 3007
1750459688066 18.0 3008
1750459692058 18.0 3009
1750459707050 18.0 3010
1750459713332 18.0 3011
1750459718888 18.0 3012
1750459723004 18.0 3013
1750459742673 18.0 3014
1750459749017 18.0 3015
1750459755530 18.0 3016
1750459761880 18.0 3017
1750459771420 18.0 3018
1750459777790 18.0 3019
1750459784157 18.0 3020
1750459790537 18.0 3021
1750459799935 18.0 3022
1750459806538 18.0 3023
1750459812880 18.0 3024
1750459819111 18.0 3025
1750459836082 18.0 3026
1750459841001 18.0 3027
1750459847241 18.0 3028
1750459853608 18.0 3029
1750459870581 18.0 3030
1750459877165 18.0 3031
1750459883505 18.0 3032
1750459889819 18.0 3033
1750459901650 18.0 3034
1750459908041 18.0 3035
1750459914387 18.0 3036
1750459920634 18.0 3037
1750459930643 18.0 3038
1750459936982 18.0 3039
1750459943296 18.0 3040
1750459949552 18.0 3041
1750459964171 18.0 3042
1750459970481 18.0 3043
1750459976810 18.0 3044
1750459983397 18.0 3045
1750459995430 18.0 3046
1750460001769 18.0 3047
1750460008072 18.0 3048
1750460014432 18.0 3049
1750460024537 18.0 3050
1750460030769 18.0 3051
1750460037144 18.0 3052
1750460043745 18.0 3053
1750460055901 18.0 3054
1750460062148 18.0 3055
1750460068448 18.0 3056
1750460074668 18.0 3057
1750460088320 18.0 3058
1750460094626 18.0 3059
1750460101195 18.0 3060
1750460107517 18.0 3061
1750460120168 18.0 3062
1750460126530 18.0 3063
1750460132890 18.0 3064
1750460139244 18.0 3065
1750460157077 18.0 3066
1750460163160 18.0 3067
1750460167303 18.0 3068
1750460173652 18.0 3069
1750460189181 18.0 3070
1750460195524 18.0 3071
1750460200862 18.0 3072
1750460207204 18.0 3073
1750460226334 18.0 3074
1750460232625 18.0 3075
1750460236553 18.0 3076
1750460240602 18.0 3077
1750460255177 18.0 3078
1750460261546 18.0 3079
1750460267717 18.0 3080
1750460274085 18.0 3081
1750460287885 18.0 3082
1750460292771 18.0 3083
1750460297434 18.0 3084
1750460301340 18.0 3085
1750460321042 18.0 3086
1750460327346 18.0 3087
1750460333658 18.0 3088
1750460340005 18.0 3089
1750460351438 18.0 3090
1750460357719 18.0 3091
1750460364113 18.0 3092
1750460370366 18.0 3093
1750460387353 18.0 3094
1750460393674 18.0 3095
1750460399429 18.0 3096
1750460406038 18.0 3097
1750460416249 18.0 3098
1750460422447 18.0 3099
1750460428773 18.0 3100
1750460435096 18.0 3101
1750460452046 18.0 3102
1750460458296 18.0 3103
1750460463432 18.0 3104
1750460467937 18.0 3105
1750460482938 18.0 3106
1750460489244 18.0 3107
1750460495536 18.0 3108
1750460501902 18.0 3109
1750460514847 18.0 3110
1750460521165 18.0 3111
1750460527730 18.0 3112
1750460534068 18.0 3113
1750460546213 18.0 3114
1750460550440 18.0 3115
1750460555215 18.0 3116
1750460559112 18.0 3117
1750460583422 18.0 3118
1750460588137 18.0 3119
1750460592515 18.0 3120
1750460597439 18.0 3121
1750460614257 18.0 3122
1750460620437 18.0 3123
1750460626814 18.0 3124
1750460633137 18.0 3125
1750460646843 18.0 3126
1750460653405 18.0 3127
1750460658269 18.0 3128
1750460662153 18.0 3129
1750460674043 18.0 3130
1750460677785 18.0 3131
1750460681533 18.0 3132
1750460685281 18.0 3133
1750460697470 18.0 3134
1750461011349 18.0 3134
1750461045776 19.0 3135
1750461052152 19.0 3136
1750461058448 19.0 3137
1750461064746 19.0 3138
1750461077263 19.0 3139
1750461083506 19.0 3140
1750461089778 19.0 3141
1750461096391 19.0 3142
1750461110881 19.0 3143
1750461117213 19.0 3144
1750461123555 19.0 3145
1750461129852 19.0 3146
1750461143456 19.0 3147
1750461149804 19.0 3148
1750461156356 19.0 3149
1750461162645 19.0 3150
1750461175984 19.0 3151
1750461182230 19.0 3152
1750461188549 19.0 3153
1750461194922 19.0 3154
1750461208227 19.0 3155
1750461214850 19.0 3156
1750461221554 19.0 3157
1750461228277 19.0 3158
1750461246272 19.0 3159
1750461252970 19.0 3160
1750461257340 19.0 3161
1750461261837 19.0 3162
1750461279637 19.0 3163
1750461285959 19.0 3164
1750461291596 19.0 3165
1750461295546 19.0 3166
1750461312791 19.0 3167
1750461319072 19.0 3168
1750461325407 19.0 3169
1750461331699 19.0 3170
1750461344592 19.0 3171
1750461350915 19.0 3172
1750461357221 19.0 3173
1750461363565 19.0 3174
1750461381083 19.0 3175
1750461386490 19.0 3176
1750461390947 19.0 3177
1750461397587 19.0 3178
1750461412918 19.0 3179
1750461418676 19.0 3180
1750461423324 19.0 3181
1750461429651 19.0 3182
1750461450368 19.0 3183
1750461454325 19.0 3184
1750461458429 19.0 3185
1750461464710 19.0 3186
1750461478753 19.0 3187
1750461485088 19.0 3188
1750461490713 19.0 3189
1750461497033 19.0 3190
1750461513467 19.0 3191
1750461517374 19.0 3192
1750461521564 19.0 3193
1750461525511 19.0 3194
1750461543052 19.0 3195
1750461549405 19.0 3196
1750461555684 19.0 3197
1750461561965 19.0 3198
1750461571493 19.0 3199
1750461576364 19.0 3200
1750461582753 19.0 3201
1750461589023 19.0 3202
1750461606500 19.0 3203
1750461612924 19.0 3204
1750461618116 19.0 3205
1750461624354 19.0 3206
1750461640845 19.0 3207
1750461644939 19.0 3208
1750461648898 19.0 3209
1750461652780 19.0 3210
1750461669808 19.0 3211
1750461676138 19.0 3212
1750461682235 19.0 3213
1750461688467 19.0 3214
1750461703531 19.0 3215
1750461709831 19.0 3216
1750461715436 19.0 3217
1750461721701 19.0 3218
1750461735886 19.0 3219
1750461742172 19.0 3220
1750461748266 19.0 3221
1750461754885 19.0 3222
1750461765292 19.0 3223
1750461771573 19.0 3224
1750461777806 19.0 3225
1750461784074 19.0 3226
1750461796303 19.0 3227
1750461802637 19.0 3228
1750461809008 19.0 3229
1750461815632 19.0 3230
1750461829709 19.0 3231
1750461835997 19.0 3232
1750461842270 19.0 3233
1750461848544 19.0 3234
1750461866047 19.0 3235
1750461869969 19.0 3236
1750461875223 19.0 3237
1750461881568 19.0 3238
1750461898612 19.0 3239
1750461902573 19.0 3240
1750461907160 19.0 3241
1750461911452 19.0 3242
1750461931783 19.0 3243
1750461937416 19.0 3244
1750461941516 19.0 3245
1750461945462 19.0 3246
1750461960635 19.0 3247
1750461966896 19.0 3248
1750461973195 19.0 3249
1750461979455 19.0 3250
1750461990607 19.0 3251
1750461996886 19.0 3252
1750462003211 19.0 3253
1750462009476 19.0 3254
1750462020256 19.0 3255
1750462026556 19.0 3256
1750462032843 19.0 3257
1750462039113 19.0 3258
1750462058437 19.0 3259
1750462063192 19.0 3260
1750462069529 19.0 3261
1750462075843 19.0 3262
1750462086488 19.0 3263
1750462092869 19.0 3264
1750462099140 19.0 3265
1750462105422 19.0 3266
1750462117693 19.0 3267
1750462121607 19.0 3268
1750462126224 19.0 3269
1750462130190 19.0 3270
1750462145618 19.0 3271
1750462150298 19.0 3272
1750462156569 19.0 3273
1750462163178 19.0 3274
1750462185039 19.0 3275
1750462189306 19.0 3276
1750462193289 19.0 3277
1750462198600 19.0 3278
1750462217439 19.0 3279
1750462222908 19.0 3280
1750462229238 19.0 3281
1750462235858 19.0 3282
1750462251957 19.0 3283
1750462256352 19.0 3284
1750462260250 19.0 3285
1750462264284 19.0 3286
1750462283521 19.0 3287
1750462289814 19.0 3288
1750462296366 19.0 3289
1750462302572 19.0 3290
1750462312228 19.0 3291
1750462317188 19.0 3292
1750462321056 19.0 3293
1750462324872 19.0 3294
1750462339517 19.0 3295
1750462343421 19.0 3296
1750462347173 19.0 3297
1750462350908 19.0 3298
1750462362865 19.0 3299
1750462664366 19.0 3299
