1750668111579 0.0 0
1750668124051 0.0 1
1750668136633 0.0 2
1750668149888 0.0 3
1750668199482 0.0 4
1750668211999 0.0 5
1750668220802 0.0 6
1750668234312 0.0 7
1750668256720 0.0 8
1750668266652 0.0 9
1750668280201 0.0 10
1750668294159 0.0 11
1750668313812 0.0 12
1750668322953 0.0 13
1750668331763 0.0 14
1750668340647 0.0 15
1750668375010 0.0 16
1750668400304 0.0 17
1750668413712 0.0 18
1750668427253 0.0 19
1750668439216 0.0 20
1750668468551 0.0 21
1750668482555 0.0 22
1750668499062 0.0 23
1750668516377 0.0 24
1750668562698 0.0 25
1750668580855 0.0 26
1750668599662 0.0 27
1750668616862 0.0 28
1750668652789 0.0 29
1750668665619 0.0 30
1750668678131 0.0 31
1750668691734 0.0 32
1750668726608 0.0 33
1750668739053 0.0 34
1750668751215 0.0 35
1750668772555 0.0 36
1750668802345 0.0 37
1750668813608 0.0 38
1750668825326 0.0 39
1750668844451 0.0 40
1750668876930 0.0 41
1750668888289 0.0 42
1750668897041 0.0 43
1750668913294 0.0 44
1750668942389 0.0 45
1750668953327 0.0 46
1750668962143 0.0 47
1750668984944 0.0 48
1750669013311 0.0 49
1750669024998 0.0 50
1750669036273 0.0 51
1750669055075 0.0 52
1750669080485 0.0 53
1750669091484 0.0 54
1750669105293 0.0 55
1750669118936 0.0 56
1750669150333 0.0 57
1750669160159 0.0 58
1750669170306 0.0 59
1750669191786 0.0 60
1750669219008 0.0 61
1750669231794 0.0 62
1750669241936 0.0 63
1750669258341 0.0 64
1750669293234 0.0 65
1750669302104 0.0 66
1750669311118 0.0 67
1750669333317 0.0 68
1750669353817 0.0 69
1750669362578 0.0 70
1750669371684 0.0 71
1750669405686 0.0 72
1750669416185 0.0 73
1750669429867 0.0 74
1750669441184 0.0 75
1750669472343 0.0 76
1750669481241 0.0 77
1750669489972 0.0 78
1750669498536 0.0 79
1750669523039 0.0 80
1750669531746 0.0 81
1750669535206 0.0 82
1750669873270 0.0 82
1750669942116 1.0 83
1750669950811 1.0 84
1750669964292 1.0 85
1750669977657 1.0 86
1750670000789 1.0 87
1750670018849 1.0 88
1750670032260 1.0 89
1750670045669 1.0 90
1750670071385 1.0 91
1750670087781 1.0 92
1750670101531 1.0 93
1750670115016 1.0 94
1750670138112 1.0 95
1750670146867 1.0 96
1750670156978 1.0 97
1750670170867 1.0 98
1750670197277 1.0 99
1750670215747 1.0 100
1750670227053 1.0 101
1750670236213 1.0 102
1750670265982 1.0 103
1750670276802 1.0 104
1750670285833 1.0 105
1750670295402 1.0 106
1750670333611 1.0 107
1750670349331 1.0 108
1750670361659 1.0 109
1750670370444 1.0 110
1750670405419 1.0 111
1750670415507 1.0 112
1750670428378 1.0 113
1750670442218 1.0 114
1750670470822 1.0 115
1750670488112 1.0 116
1750670500918 1.0 117
1750670511854 1.0 118
1750670542576 1.0 119
1750670556901 1.0 120
1750670569758 1.0 121
1750670579288 1.0 122
1750670601463 1.0 123
1750670619063 1.0 124
1750670631921 1.0 125
1750670642365 1.0 126
1750670668067 1.0 127
1750670681288 1.0 128
1750670693853 1.0 129
1750670704969 1.0 130
1750670728135 1.0 131
1750670743377 1.0 132
1750670753300 1.0 133
1750670763453 1.0 134
1750670783987 1.0 135
1750670806972 1.0 136
1750670819427 1.0 137
1750670831559 1.0 138
1750670848125 1.0 139
1750670873334 1.0 140
1750670881229 1.0 141
1750670889379 1.0 142
1750670915359 1.0 143
1750670935690 1.0 144
1750670948411 1.0 145
1750670961206 1.0 146
1750670981045 1.0 147
1750670995817 1.0 148
1750671004508 1.0 149
1750671015026 1.0 150
1750671048257 1.0 151
1750671061094 1.0 152
1750671077659 1.0 153
1750671091515 1.0 154
1750671102249 1.0 155
1750671124236 1.0 156
1750671137893 1.0 157
1750671151521 1.0 158
1750671169163 1.0 159
1750671189259 1.0 160
1750671198107 1.0 161
1750671206726 1.0 162
1750671227143 1.0 163
1750671243661 1.0 164
1750671247128 1.0 165
1750671561846 1.0 165
1750671633433 2.0 166
1750671647306 2.0 167
1750671659655 2.0 168
1750671673158 2.0 169
1750671698304 2.0 170
1750671711883 2.0 171
1750671725410 2.0 172
1750671736647 2.0 173
1750671764297 2.0 174
1750671778106 2.0 175
1750671791239 2.0 176
1750671804899 2.0 177
1750671826819 2.0 178
1750671835906 2.0 179
1750671849602 2.0 180
1750671862417 2.0 181
1750671901240 2.0 182
1750671914635 2.0 183
1750671923545 2.0 184
1750671933571 2.0 185
1750671965435 2.0 186
1750671976376 2.0 187
1750671986055 2.0 188
1750671999588 2.0 189
1750672032864 2.0 190
1750672046369 2.0 191
1750672058294 2.0 192
1750672070194 2.0 193
1750672100737 2.0 194
1750672113460 2.0 195
1750672126293 2.0 196
1750672139769 2.0 197
1750672165562 2.0 198
1750672177215 2.0 199
1750672190567 2.0 200
1750672204084 2.0 201
1750672231381 2.0 202
1750672241141 2.0 203
1750672254019 2.0 204
1750672266755 2.0 205
1750672303317 2.0 206
1750672315583 2.0 207
1750672327689 2.0 208
1750672339977 2.0 209
1750672380009 2.0 210
1750672393579 2.0 211
1750672407081 2.0 212
1750672416587 2.0 213
1750672449242 2.0 214
1750672462674 2.0 215
1750672471640 2.0 216
1750672482037 2.0 217
1750672520583 2.0 218
1750672534034 2.0 219
1750672547294 2.0 220
1750672560702 2.0 221
1750672579631 2.0 222
1750672593397 2.0 223
1750672606682 2.0 224
1750672620164 2.0 225
1750672643597 2.0 226
1750672657069 2.0 227
1750672670518 2.0 228
1750672684352 2.0 229
1750672700701 2.0 230
1750672713288 2.0 231
1750672726874 2.0 232
1750672742167 2.0 233
1750672771828 2.0 234
1750672785002 2.0 235
1750672797722 2.0 236
1750672805509 2.0 237
1750672832574 2.0 238
1750672845070 2.0 239
1750672857667 2.0 240
1750672866875 2.0 241
1750672894750 2.0 242
1750672907267 2.0 243
1750672917890 2.0 244
1750672925398 2.0 245
1750672951903 2.0 246
1750672959150 2.0 247
1750672962644 2.0 248
1750673266390 2.0 248
1750673332543 3.0 249
1750673340346 3.0 250
1750673351991 3.0 251
1750673361120 3.0 252
1750673395861 3.0 253
1750673404171 3.0 254
1750673412327 3.0 255
1750673420404 3.0 256
1750673450707 3.0 257
1750673463340 3.0 258
1750673476057 3.0 259
1750673489167 3.0 260
1750673506448 3.0 261
1750673523524 3.0 262
1750673536116 3.0 263
1750673548803 3.0 264
1750673564978 3.0 265
1750673579714 3.0 266
1750673593768 3.0 267
1750673603197 3.0 268
1750673630439 3.0 269
1750673643256 3.0 270
1750673662457 3.0 271
1750673675135 3.0 272
1750673685316 3.0 273
1750673698003 3.0 274
1750673727128 3.0 275
1750673735188 3.0 276
1750673748569 3.0 277
1750673766538 3.0 278
1750673793481 3.0 279
1750673801861 3.0 280
1750673814561 3.0 281
1750673824211 3.0 282
1750673861183 3.0 283
1750673873880 3.0 284
1750673886582 3.0 285
1750673899325 3.0 286
1750673931985 3.0 287
1750673944909 3.0 288
1750673953006 3.0 289
1750673962473 3.0 290
1750673992079 3.0 291
1750674003322 3.0 292
1750674016045 3.0 293
1750674028375 3.0 294
1750674062117 3.0 295
1750674074299 3.0 296
1750674087328 3.0 297
1750674098809 3.0 298
1750674125801 3.0 299
1750674136086 3.0 300
1750674148748 3.0 301
1750674160364 3.0 302
1750674185513 3.0 303
1750674198738 3.0 304
1750674211674 3.0 305
1750674222677 3.0 306
1750674250178 3.0 307
1750674260735 3.0 308
1750674270893 3.0 309
1750674279095 3.0 310
1750674316626 3.0 311
1750674326668 3.0 312
1750674336433 3.0 313
1750674346529 3.0 314
1750674376263 3.0 315
1750674389342 3.0 316
1750674402106 3.0 317
1750674414496 3.0 318
1750674448960 3.0 319
1750674457170 3.0 320
1750674466506 3.0 321
1750674479111 3.0 322
1750674515915 3.0 323
1750674528516 3.0 324
1750674541287 3.0 325
1750674551748 3.0 326
1750674573089 3.0 327
1750674580388 3.0 328
1750674587942 3.0 329
1750674595158 3.0 330
1750674598346 3.0 331
1750674911535 3.0 331
1750674978780 4.0 332
1750674991294 4.0 333
1750675003820 4.0 334
1750675016860 4.0 335
1750675034674 4.0 336
1750675047181 4.0 337
1750675059814 4.0 338
1750675072395 4.0 339
1750675097815 4.0 340
1750675113579 4.0 341
1750675126512 4.0 342
1750675134416 4.0 343
1750675161766 4.0 344
1750675183213 4.0 345
1750675196103 4.0 346
1750675208917 4.0 347
1750675217217 4.0 348
1750675246113 4.0 349
1750675258889 4.0 350
1750675269523 4.0 351
1750675281810 4.0 352
1750675309620 4.0 353
1750675320759 4.0 354
1750675332388 4.0 355
1750675349897 4.0 356
1750675382038 4.0 357
1750675392438 4.0 358
1750675400958 4.0 359
1750675409249 4.0 360
1750675450615 4.0 361
1750675460549 4.0 362
1750675469899 4.0 363
1750675482723 4.0 364
1750675509930 4.0 365
1750675518348 4.0 366
1750675527792 4.0 367
1750675541464 4.0 368
1750675573322 4.0 369
1750675581300 4.0 370
1750675593914 4.0 371
1750675601987 4.0 372
1750675638834 4.0 373
1750675648281 4.0 374
1750675660936 4.0 375
1750675673732 4.0 376
1750675706053 4.0 377
1750675714173 4.0 378
1750675722134 4.0 379
1750675733594 4.0 380
1750675764266 4.0 381
1750675776124 4.0 382
1750675788957 4.0 383
1750675801484 4.0 384
1750675823830 4.0 385
1750675836683 4.0 386
1750675849474 4.0 387
1750675859730 4.0 388
1750675885323 4.0 389
1750675894754 4.0 390
1750675902901 4.0 391
1750675919583 4.0 392
1750675940441 4.0 393
1750675948372 4.0 394
1750675956226 4.0 395
1750675978593 4.0 396
1750676007419 4.0 397
1750676020118 4.0 398
1750676032471 4.0 399
1750676046546 4.0 400
1750676068234 4.0 401
1750676081043 4.0 402
1750676094280 4.0 403
1750676111697 4.0 404
1750676125115 4.0 405
1750676135802 4.0 406
1750676146392 4.0 407
1750676178069 4.0 408
1750676185990 4.0 409
1750676194088 4.0 410
1750676201583 4.0 411
1750676231453 4.0 412
1750676238680 4.0 413
1750676241886 4.0 414
1750676540595 4.0 414
1750676607312 5.0 415
1750676616284 5.0 416
1750676628847 5.0 417
1750676641425 5.0 418
1750676667251 5.0 419
1750676675257 5.0 420
1750676688109 5.0 421
1750676701402 5.0 422
1750676735747 5.0 423
1750676748393 5.0 424
1750676761224 5.0 425
1750676773736 5.0 426
1750676795331 5.0 427
1750676807487 5.0 428
1750676820407 5.0 429
1750676833234 5.0 430
1750676851434 5.0 431
1750676860030 5.0 432
1750676867871 5.0 433
1750676876045 5.0 434
1750676916848 5.0 435
1750676929694 5.0 436
1750676942356 5.0 437
1750676955140 5.0 438
1750676978369 5.0 439
1750676986482 5.0 440
1750676999557 5.0 441
1750677008053 5.0 442
1750677037151 5.0 443
1750677049905 5.0 444
1750677066742 5.0 445
1750677079466 5.0 446
1750677097941 5.0 447
1750677110840 5.0 448
1750677129469 5.0 449
1750677140720 5.0 450
1750677155936 5.0 451
1750677168518 5.0 452
1750677195563 5.0 453
1750677206640 5.0 454
1750677219339 5.0 455
1750677239750 5.0 456
1750677253067 5.0 457
1750677266160 5.0 458
1750677284968 5.0 459
1750677300512 5.0 460
1750677315998 5.0 461
1750677328281 5.0 462
1750677341490 5.0 463
1750677363099 5.0 464
1750677374397 5.0 465
1750677388364 5.0 466
1750677406791 5.0 467
1750677424289 5.0 468
1750677437134 5.0 469
1750677457470 5.0 470
1750677474398 5.0 471
1750677490230 5.0 472
1750677503276 5.0 473
1750677516906 5.0 474
1750677532193 5.0 475
1750677563926 5.0 476
1750677575398 5.0 477
1750677584125 5.0 478
1750677592706 5.0 479
1750677619557 5.0 480
1750677635816 5.0 481
1750677648603 5.0 482
1750677659744 5.0 483
1750677684535 5.0 484
1750677692414 5.0 485
1750677714202 5.0 486
1750677726261 5.0 487
1750677741036 5.0 488
1750677760437 5.0 489
1750677782804 5.0 490
1750677795423 5.0 491
1750677808177 5.0 492
1750677828397 5.0 493
1750677836749 5.0 494
1750677850981 5.0 495
1750677858554 5.0 496
1750677861770 5.0 497
1750678174450 5.0 497
1750678240240 6.0 498
1750678253048 6.0 499
1750678265681 6.0 500
1750678278469 6.0 501
1750678302918 6.0 502
1750678318177 6.0 503
1750678328931 6.0 504
1750678341547 6.0 505
1750678365804 6.0 506
1750678379852 6.0 507
1750678392545 6.0 508
1750678405457 6.0 509
1750678431816 6.0 510
1750678446391 6.0 511
1750678458365 6.0 512
1750678471168 6.0 513
1750678501279 6.0 514
1750678514440 6.0 515
1750678527216 6.0 516
1750678539857 6.0 517
1750678566073 6.0 518
1750678577065 6.0 519
1750678589580 6.0 520
1750678602513 6.0 521
1750678620864 6.0 522
1750678633310 6.0 523
1750678646160 6.0 524
1750678658922 6.0 525
1750678685975 6.0 526
1750678696237 6.0 527
1750678707682 6.0 528
1750678717580 6.0 529
1750678746976 6.0 530
1750678764684 6.0 531
1750678775917 6.0 532
1750678788677 6.0 533
1750678810600 6.0 534
1750678827566 6.0 535
1750678840443 6.0 536
1750678852390 6.0 537
1750678871044 6.0 538
1750678891194 6.0 539
1750678903143 6.0 540
1750678915763 6.0 541
1750678931978 6.0 542
1750678953294 6.0 543
1750678965252 6.0 544
1750678976831 6.0 545
1750678990922 6.0 546
1750679011621 6.0 547
1750679024331 6.0 548
1750679037005 6.0 549
1750679046138 6.0 550
1750679075517 6.0 551
1750679088168 6.0 552
1750679100642 6.0 553
1750679113805 6.0 554
1750679138619 6.0 555
1750679146774 6.0 556
1750679159526 6.0 557
1750679180256 6.0 558
1750679205933 6.0 559
1750679217478 6.0 560
1750679230181 6.0 561
1750679239690 6.0 562
1750679274120 6.0 563
1750679283835 6.0 564
1750679294077 6.0 565
1750679312498 6.0 566
1750679338678 6.0 567
1750679351466 6.0 568
1750679364124 6.0 569
1750679381767 6.0 570
1750679398883 6.0 571
1750679410671 6.0 572
1750679423386 6.0 573
1750679443554 6.0 574
1750679456616 6.0 575
1750679464126 6.0 576
1750679471604 6.0 577
1750679495855 6.0 578
1750679507134 6.0 579
1750679510332 6.0 580
1750679814466 6.0 580
1750679880655 7.0 581
1750679893155 7.0 582
1750679905768 7.0 583
1750679918981 7.0 584
1750679935844 7.0 585
1750679944547 7.0 586
1750679957205 7.0 587
1750679970199 7.0 588
1750679988861 7.0 589
1750680008553 7.0 590
1750680016701 7.0 591
1750680025151 7.0 592
1750680055057 7.0 593
1750680064768 7.0 594
1750680077587 7.0 595
1750680085538 7.0 596
1750680114209 7.0 597
1750680131746 7.0 598
1750680148289 7.0 599
1750680159334 7.0 600
1750680176639 7.0 601
1750680197932 7.0 602
1750680209209 7.0 603
1750680217082 7.0 604
1750680236219 7.0 605
1750680270120 7.0 606
1750680282545 7.0 607
1750680293520 7.0 608
1750680306745 7.0 609
1750680333820 7.0 610
1750680346483 7.0 611
1750680359108 7.0 612
1750680368368 7.0 613
1750680399151 7.0 614
1750680409772 7.0 615
1750680417630 7.0 616
1750680443365 7.0 617
1750680456395 7.0 618
1750680469088 7.0 619
1750680478632 7.0 620
1750680503621 7.0 621
1750680525652 7.0 622
1750680536771 7.0 623
1750680546678 7.0 624
1750680570714 7.0 625
1750680591443 7.0 626
1750680602595 7.0 627
1750680615183 7.0 628
1750680625898 7.0 629
1750680656578 7.0 630
1750680669463 7.0 631
1750680682173 7.0 632
1750680691536 7.0 633
1750680714763 7.0 634
1750680727552 7.0 635
1750680735410 7.0 636
1750680758160 7.0 637
1750680783205 7.0 638
1750680796015 7.0 639
1750680809122 7.0 640
1750680817059 7.0 641
1750680838929 7.0 642
1750680849935 7.0 643
1750680862521 7.0 644
1750680877550 7.0 645
1750680901664 7.0 646
1750680914441 7.0 647
1750680926219 7.0 648
1750680947523 7.0 649
1750680970348 7.0 650
1750680982356 7.0 651
1750680992375 7.0 652
1750681011970 7.0 653
1750681027972 7.0 654
1750681036546 7.0 655
1750681046604 7.0 656
1750681071916 7.0 657
1750681097238 7.0 658
1750681104843 7.0 659
1750681112400 7.0 660
1750681123088 7.0 661
1750681148485 7.0 662
1750681151689 7.0 663
1750681449124 7.0 663
1750681516421 8.0 664
1750681529589 8.0 665
1750681542356 8.0 666
1750681555025 8.0 667
1750681581722 8.0 668
1750681594347 8.0 669
1750681606868 8.0 670
1750681619883 8.0 671
1750681641900 8.0 672
1750681654521 8.0 673
1750681667124 8.0 674
1750681679844 8.0 675
1750681704934 8.0 676
1750681718665 8.0 677
1750681732296 8.0 678
1750681741156 8.0 679
1750681773416 8.0 680
1750681786775 8.0 681
1750681800254 8.0 682
1750681810675 8.0 683
1750681846075 8.0 684
1750681859806 8.0 685
1750681873303 8.0 686
1750681883346 8.0 687
1750681918630 8.0 688
1750681930315 8.0 689
1750681940187 8.0 690
1750681948868 8.0 691
1750681990270 8.0 692
1750681999038 8.0 693
1750682009208 8.0 694
1750682022752 8.0 695
1750682056133 8.0 696
1750682066070 8.0 697
1750682078753 8.0 698
1750682089980 8.0 699
1750682123485 8.0 700
1750682134995 8.0 701
1750682147808 8.0 702
1750682156581 8.0 703
1750682192066 8.0 704
1750682205276 8.0 705
1750682218766 8.0 706
1750682232498 8.0 707
1750682252876 8.0 708
1750682266675 8.0 709
1750682279721 8.0 710
1750682292157 8.0 711
1750682313229 8.0 712
1750682326655 8.0 713
1750682335863 8.0 714
1750682352527 8.0 715
1750682379705 8.0 716
1750682393150 8.0 717
1750682406641 8.0 718
1750682420287 8.0 719
1750682450934 8.0 720
1750682463012 8.0 721
1750682476523 8.0 722
1750682485046 8.0 723
1750682517908 8.0 724
1750682531417 8.0 725
1750682544753 8.0 726
1750682558457 8.0 727
1750682576587 8.0 728
1750682590147 8.0 729
1750682601095 8.0 730
1750682614671 8.0 731
1750682634471 8.0 732
1750682648333 8.0 733
1750682661834 8.0 734
1750682670448 8.0 735
1750682701904 8.0 736
1750682715318 8.0 737
1750682728859 8.0 738
1750682740497 8.0 739
1750682765057 8.0 740
1750682774556 8.0 741
1750682783254 8.0 742
1750682791655 8.0 743
1750682820932 8.0 744
1750682829152 8.0 745
1750682832698 8.0 746
1750683143775 8.0 746
1750683213218 9.0 747
1750683226624 9.0 748
1750683240111 9.0 749
1750683253526 9.0 750
1750683277300 9.0 751
1750683286298 9.0 752
1750683299585 9.0 753
1750683312998 9.0 754
1750683339775 9.0 755
1750683348142 9.0 756
1750683356799 9.0 757
1750683365461 9.0 758
1750683397560 9.0 759
1750683414818 9.0 760
1750683428204 9.0 761
1750683441816 9.0 762
1750683466228 9.0 763
1750683476441 9.0 764
1750683489984 9.0 765
1750683503520 9.0 766
1750683532888 9.0 767
1750683548426 9.0 768
1750683557862 9.0 769
1750683566710 9.0 770
1750683598608 9.0 771
1750683615923 9.0 772
1750683629321 9.0 773
1750683642582 9.0 774
1750683672592 9.0 775
1750683686144 9.0 776
1750683699857 9.0 777
1750683713182 9.0 778
1750683747065 9.0 779
1750683757677 9.0 780
1750683767490 9.0 781
1750683780911 9.0 782
1750683810349 9.0 783
1750683823937 9.0 784
1750683837093 9.0 785
1750683850432 9.0 786
1750683868072 9.0 787
1750683881395 9.0 788
1750683894817 9.0 789
1750683908010 9.0 790
1750683930318 9.0 791
1750683943638 9.0 792
1750683956953 9.0 793
1750683970259 9.0 794
1750683990271 9.0 795
1750684003561 9.0 796
1750684016932 9.0 797
1750684030422 9.0 798
1750684057876 9.0 799
1750684066675 9.0 800
1750684075432 9.0 801
1750684089278 9.0 802
1750684121129 9.0 803
1750684134635 9.0 804
1750684148054 9.0 805
1750684161605 9.0 806
1750684187006 9.0 807
1750684200851 9.0 808
1750684214312 9.0 809
1750684223078 9.0 810
1750684256275 9.0 811
1750684269980 9.0 812
1750684283574 9.0 813
1750684297370 9.0 814
1750684321417 9.0 815
1750684334808 9.0 816
1750684343614 9.0 817
1750684352276 9.0 818
1750684383324 9.0 819
1750684394103 9.0 820
1750684407182 9.0 821
1750684420825 9.0 822
1750684444921 9.0 823
1750684453406 9.0 824
1750684461914 9.0 825
1750684470492 9.0 826
1750684499486 9.0 827
1750684507390 9.0 828
1750684510833 9.0 829
1750684827533 9.0 829
1750684896778 10.0 830
1750684910015 10.0 831
1750684922732 10.0 832
1750684935806 10.0 833
1750684964061 10.0 834
1750684976638 10.0 835
1750684989170 10.0 836
1750685001851 10.0 837
1750685039263 10.0 838
1750685052419 10.0 839
1750685061557 10.0 840
1750685074196 10.0 841
1750685108597 10.0 842
1750685119310 10.0 843
1750685128148 10.0 844
1750685140789 10.0 845
1750685170691 10.0 846
1750685179909 10.0 847
1750685188949 10.0 848
1750685198033 10.0 849
1750685228899 10.0 850
1750685241520 10.0 851
1750685252228 10.0 852
1750685259986 10.0 853
1750685282775 10.0 854
1750685295581 10.0 855
1750685308340 10.0 856
1750685319424 10.0 857
1750685342705 10.0 858
1750685355372 10.0 859
1750685368137 10.0 860
1750685380593 10.0 861
1750685396944 10.0 862
1750685409629 10.0 863
1750685422620 10.0 864
1750685435222 10.0 865
1750685451683 10.0 866
1750685464155 10.0 867
1750685476835 10.0 868
1750685489433 10.0 869
1750685515374 10.0 870
1750685528079 10.0 871
1750685540583 10.0 872
1750685553152 10.0 873
1750685580047 10.0 874
1750685592583 10.0 875
1750685605348 10.0 876
1750685618350 10.0 877
1750685636333 10.0 878
1750685649052 10.0 879
1750685658923 10.0 880
1750685669917 10.0 881
1750685704034 10.0 882
1750685717158 10.0 883
1750685729798 10.0 884
1750685737731 10.0 885
1750685759721 10.0 886
1750685772401 10.0 887
1750685785013 10.0 888
1750685793168 10.0 889
1750685825094 10.0 890
1750685835179 10.0 891
1750685847797 10.0 892
1750685860423 10.0 893
1750685887252 10.0 894
1750685900559 10.0 895
1750685913020 10.0 896
1750685925561 10.0 897
1750685947450 10.0 898
1750685960164 10.0 899
1750685972969 10.0 900
1750685985658 10.0 901
1750686012075 10.0 902
1750686020692 10.0 903
1750686028566 10.0 904
1750686046603 10.0 905
1750686075539 10.0 906
1750686083536 10.0 907
1750686091942 10.0 908
1750686104505 10.0 909
1750686126287 10.0 910
1750686133570 10.0 911
1750686136782 10.0 912
1750686441471 10.0 912
1750686508018 11.0 913
1750686521106 11.0 914
1750686533760 11.0 915
1750686546376 11.0 916
1750686564685 11.0 917
1750686577295 11.0 918
1750686587669 11.0 919
1750686595702 11.0 920
1750686631690 11.0 921
1750686644391 11.0 922
1750686652353 11.0 923
1750686665063 11.0 924
1750686694626 11.0 925
1750686704095 11.0 926
1750686717209 11.0 927
1750686725148 11.0 928
1750686761553 11.0 929
1750686774029 11.0 930
1750686786803 11.0 931
1750686799440 11.0 932
1750686816868 11.0 933
1750686829426 11.0 934
1750686838900 11.0 935
1750686851673 11.0 936
1750686877760 11.0 937
1750686889957 11.0 938
1750686903195 11.0 939
1750686916126 11.0 940
1750686944478 11.0 941
1750686956278 11.0 942
1750686964545 11.0 943
1750686976508 11.0 944
1750687010421 11.0 945
1750687023103 11.0 946
1750687035499 11.0 947
1750687043411 11.0 948
1750687065265 11.0 949
1750687074440 11.0 950
1750687087549 11.0 951
1750687095437 11.0 952
1750687125795 11.0 953
1750687138557 11.0 954
1750687151107 11.0 955
1750687163859 11.0 956
1750687189065 11.0 957
1750687200964 11.0 958
1750687212443 11.0 959
1750687225303 11.0 960
1750687261508 11.0 961
1750687274197 11.0 962
1750687285380 11.0 963
1750687293593 11.0 964
1750687321569 11.0 965
1750687334334 11.0 966
1750687347144 11.0 967
1750687359811 11.0 968
1750687383087 11.0 969
1750687396355 11.0 970
1750687409124 11.0 971
1750687421668 11.0 972
1750687450887 11.0 973
1750687463443 11.0 974
1750687476036 11.0 975
1750687489391 11.0 976
1750687521359 11.0 977
1750687530664 11.0 978
1750687538470 11.0 979
1750687546397 11.0 980
1750687582293 11.0 981
1750687595456 11.0 982
1750687606985 11.0 983
1750687619527 11.0 984
1750687643132 11.0 985
1750687655642 11.0 986
1750687668300 11.0 987
1750687680138 11.0 988
1750687700570 11.0 989
1750687708357 11.0 990
1750687716130 11.0 991
1750687723777 11.0 992
1750687753383 11.0 993
1750687760814 11.0 994
1750687764005 11.0 995
1750688075424 11.0 995
1750688141445 12.0 996
1750688154108 12.0 997
1750688166578 12.0 998
1750688179209 12.0 999
1750688201729 12.0 1000
1750688216967 12.0 1001
1750688229732 12.0 1002
1750688242360 12.0 1003
1750688262048 12.0 1004
1750688275989 12.0 1005
1750688288815 12.0 1006
1750688301629 12.0 1007
1750688333860 12.0 1008
1750688346464 12.0 1009
1750688359028 12.0 1010
1750688371683 12.0 1011
1750688404452 12.0 1012
1750688417221 12.0 1013
1750688430322 12.0 1014
1750688443074 12.0 1015
1750688465066 12.0 1016
1750688477818 12.0 1017
1750688488188 12.0 1018
1750688497586 12.0 1019
1750688528359 12.0 1020
1750688541065 12.0 1021
1750688553634 12.0 1022
1750688566226 12.0 1023
1750688582373 12.0 1024
1750688595231 12.0 1025
1750688608267 12.0 1026
1750688620379 12.0 1027
1750688653406 12.0 1028
1750688666176 12.0 1029
1750688674026 12.0 1030
1750688681865 12.0 1031
1750688719174 12.0 1032
1750688730855 12.0 1033
1750688738777 12.0 1034
1750688748480 12.0 1035
1750688774448 12.0 1036
1750688782256 12.0 1037
1750688791605 12.0 1038
1750688812561 12.0 1039
1750688833453 12.0 1040
1750688846016 12.0 1041
1750688858707 12.0 1042
1750688880757 12.0 1043
1750688893378 12.0 1044
1750688906256 12.0 1045
1750688918866 12.0 1046
1750688943970 12.0 1047
1750688954949 12.0 1048
1750688965845 12.0 1049
1750688973670 12.0 1050
1750689007735 12.0 1051
1750689020406 12.0 1052
1750689029008 12.0 1053
1750689036994 12.0 1054
1750689074992 12.0 1055
1750689087593 12.0 1056
1750689098656 12.0 1057
1750689106489 12.0 1058
1750689140497 12.0 1059
1750689153175 12.0 1060
1750689165948 12.0 1061
1750689178663 12.0 1062
1750689196581 12.0 1063
1750689209275 12.0 1064
1750689219686 12.0 1065
1750689227481 12.0 1066
1750689258154 12.0 1067
1750689270840 12.0 1068
1750689283759 12.0 1069
1750689298256 12.0 1070
1750689313958 12.0 1071
1750689322738 12.0 1072
1750689335341 12.0 1073
1750689364366 12.0 1074
1750689371921 12.0 1075
1750689379250 12.0 1076
1750689386552 12.0 1077
1750689389745 12.0 1078
1750689686535 12.0 1078
1750689749413 13.0 1079
1750689762004 13.0 1080
1750689774373 13.0 1081
1750689787315 13.0 1082
1750689817769 13.0 1083
1750689830379 13.0 1084
1750689840827 13.0 1085
1750689853554 13.0 1086
1750689874853 13.0 1087
1750689890514 13.0 1088
1750689903188 13.0 1089
1750689915793 13.0 1090
1750689931788 13.0 1091
1750689949240 13.0 1092
1750689961774 13.0 1093
1750689974412 13.0 1094
1750690002179 13.0 1095
1750690014761 13.0 1096
1750690027565 13.0 1097
1750690040362 13.0 1098
1750690062214 13.0 1099
1750690074915 13.0 1100
1750690087807 13.0 1101
1750690100479 13.0 1102
1750690119639 13.0 1103
1750690134479 13.0 1104
1750690147270 13.0 1105
1750690155133 13.0 1106
1750690187564 13.0 1107
1750690200215 13.0 1108
1750690212885 13.0 1109
1750690222439 13.0 1110
1750690247993 13.0 1111
1750690260612 13.0 1112
1750690273596 13.0 1113
1750690286259 13.0 1114
1750690311383 13.0 1115
1750690324256 13.0 1116
1750690336984 13.0 1117
1750690349694 13.0 1118
1750690380612 13.0 1119
1750690389953 13.0 1120
1750690402561 13.0 1121
1750690415176 13.0 1122
1750690445429 13.0 1123
1750690453356 13.0 1124
1750690461317 13.0 1125
1750690470998 13.0 1126
1750690501914 13.0 1127
1750690521555 13.0 1128
1750690534180 13.0 1129
1750690546730 13.0 1130
1750690564268 13.0 1131
1750690589782 13.0 1132
1750690602541 13.0 1133
1750690615249 13.0 1134
1750690630845 13.0 1135
1750690645119 13.0 1136
1750690657030 13.0 1137
1750690670271 13.0 1138
1750690692749 13.0 1139
1750690709983 13.0 1140
1750690722871 13.0 1141
1750690735709 13.0 1142
1750690757436 13.0 1143
1750690771536 13.0 1144
1750690784991 13.0 1145
1750690798506 13.0 1146
1750690828785 13.0 1147
1750690838359 13.0 1148
1750690847714 13.0 1149
1750690860548 13.0 1150
1750690886140 13.0 1151
1750690898257 13.0 1152
1750690906315 13.0 1153
1750690914284 13.0 1154
1750690944992 13.0 1155
1750690955947 13.0 1156
1750690963937 13.0 1157
1750690971539 13.0 1158
1750690996953 13.0 1159
1750691007401 13.0 1160
1750691010592 13.0 1161
1750691320912 13.0 1161
1750691387261 14.0 1162
1750691400282 14.0 1163
1750691412971 14.0 1164
1750691425583 14.0 1165
1750691450612 14.0 1166
1750691463358 14.0 1167
1750691475911 14.0 1168
1750691488965 14.0 1169
1750691509073 14.0 1170
1750691528230 14.0 1171
1750691540686 14.0 1172
1750691553327 14.0 1173
1750691582350 14.0 1174
1750691595082 14.0 1175
1750691608177 14.0 1176
1750691620789 14.0 1177
1750691642059 14.0 1178
1750691654760 14.0 1179
1750691667525 14.0 1180
1750691680048 14.0 1181
1750691693947 14.0 1182
1750691701764 14.0 1183
1750691714376 14.0 1184
1750691722876 14.0 1185
1750691761947 14.0 1186
1750691774544 14.0 1187
1750691787628 14.0 1188
1750691800284 14.0 1189
1750691837770 14.0 1190
1750691850531 14.0 1191
1750691863122 14.0 1192
1750691875534 14.0 1193
1750691893612 14.0 1194
1750691906279 14.0 1195
1750691919176 14.0 1196
1750691931702 14.0 1197
1750691957333 14.0 1198
1750691965851 14.0 1199
1750691973855 14.0 1200
1750691986570 14.0 1201
1750692012181 14.0 1202
1750692024765 14.0 1203
1750692037534 14.0 1204
1750692050263 14.0 1205
1750692072803 14.0 1206
1750692085556 14.0 1207
1750692098196 14.0 1208
1750692110772 14.0 1209
1750692132812 14.0 1210
1750692145555 14.0 1211
1750692158293 14.0 1212
1750692171365 14.0 1213
1750692197976 14.0 1214
1750692210663 14.0 1215
1750692223186 14.0 1216
1750692233732 14.0 1217
1750692261024 14.0 1218
1750692274041 14.0 1219
1750692286863 14.0 1220
1750692299540 14.0 1221
1750692326419 14.0 1222
1750692338932 14.0 1223
1750692351522 14.0 1224
1750692364379 14.0 1225
1750692389524 14.0 1226
1750692399179 14.0 1227
1750692407044 14.0 1228
1750692419787 14.0 1229
1750692453042 14.0 1230
1750692466315 14.0 1231
1750692474333 14.0 1232
1750692482206 14.0 1233
1750692514027 14.0 1234
1750692526675 14.0 1235
1750692539242 14.0 1236
1750692551762 14.0 1237
1750692564444 14.0 1238
1750692572417 14.0 1239
1750692590030 14.0 1240
1750692598781 14.0 1241
1750692618743 14.0 1242
1750692626806 14.0 1243
1750692630618 14.0 1244
1750692946451 14.0 1244
1750693012835 15.0 1245
1750693025410 15.0 1246
1750693038086 15.0 1247
1750693050724 15.0 1248
1750693078373 15.0 1249
1750693091429 15.0 1250
1750693104099 15.0 1251
1750693116737 15.0 1252
1750693145731 15.0 1253
1750693158433 15.0 1254
1750693171044 15.0 1255
1750693183547 15.0 1256
1750693217232 15.0 1257
1750693226809 15.0 1258
1750693234967 15.0 1259
1750693242907 15.0 1260
1750693271216 15.0 1261
1750693283994 15.0 1262
1750693296985 15.0 1263
1750693309485 15.0 1264
1750693327404 15.0 1265
1750693339880 15.0 1266
1750693352617 15.0 1267
1750693365877 15.0 1268
1750693382481 15.0 1269
1750693395209 15.0 1270
1750693408067 15.0 1271
1750693420826 15.0 1272
1750693453348 15.0 1273
1750693466088 15.0 1274
1750693479103 15.0 1275
1750693491887 15.0 1276
1750693508167 15.0 1277
1750693525290 15.0 1278
1750693537933 15.0 1279
1750693550537 15.0 1280
1750693564140 15.0 1281
1750693588946 15.0 1282
1750693601606 15.0 1283
1750693614190 15.0 1284
1750693631344 15.0 1285
1750693656776 15.0 1286
1750693669797 15.0 1287
1750693682516 15.0 1288
1750693695246 15.0 1289
1750693726364 15.0 1290
1750693734384 15.0 1291
1750693742238 15.0 1292
1750693754766 15.0 1293
1750693787259 15.0 1294
1750693799879 15.0 1295
1750693812527 15.0 1296
1750693825202 15.0 1297
1750693849375 15.0 1298
1750693862006 15.0 1299
1750693875257 15.0 1300
1750693887978 15.0 1301
1750693917607 15.0 1302
1750693925569 15.0 1303
1750693933586 15.0 1304
1750693941582 15.0 1305
1750693976972 15.0 1306
1750693989847 15.0 1307
1750694002733 15.0 1308
1750694015367 15.0 1309
1750694039074 15.0 1310
1750694051878 15.0 1311
1750694064982 15.0 1312
1750694077725 15.0 1313
1750694094283 15.0 1314
1750694106933 15.0 1315
1750694119589 15.0 1316
1750694133776 15.0 1317
1750694149051 15.0 1318
1750694161708 15.0 1319
1750694172187 15.0 1320
1750694191143 15.0 1321
1750694207632 15.0 1322
1750694215241 15.0 1323
1750694223033 15.0 1324
1750694240920 15.0 1325
1750694260545 15.0 1326
1750694263770 15.0 1327
1750694575459 15.0 1327
1750694641514 16.0 1328
1750694649296 16.0 1329
1750694657058 16.0 1330
1750694665353 16.0 1331
1750694695721 16.0 1332
1750694716289 16.0 1333
1750694728929 16.0 1334
1750694741523 16.0 1335
1750694757911 16.0 1336
1750694772023 16.0 1337
1750694783444 16.0 1338
1750694795998 16.0 1339
1750694820097 16.0 1340
1750694838538 16.0 1341
1750694851285 16.0 1342
1750694864466 16.0 1343
1750694876779 16.0 1344
1750694903448 16.0 1345
1750694916093 16.0 1346
1750694925359 16.0 1347
1750694954918 16.0 1348
1750694966510 16.0 1349
1750694979111 16.0 1350
1750694991819 16.0 1351
1750695022851 16.0 1352
1750695030881 16.0 1353
1750695038816 16.0 1354
1750695051996 16.0 1355
1750695085086 16.0 1356
1750695097628 16.0 1357
1750695110447 16.0 1358
1750695123368 16.0 1359
1750695146488 16.0 1360
1750695155634 16.0 1361
1750695165567 16.0 1362
1750695178362 16.0 1363
1750695211793 16.0 1364
1750695224705 16.0 1365
1750695237493 16.0 1366
1750695250290 16.0 1367
1750695276186 16.0 1368
1750695284128 16.0 1369
1750695291960 16.0 1370
1750695299902 16.0 1371
1750695331991 16.0 1372
1750695345030 16.0 1373
1750695357995 16.0 1374
1750695366811 16.0 1375
1750695399948 16.0 1376
1750695412969 16.0 1377
1750695425825 16.0 1378
1750695438624 16.0 1379
1750695462681 16.0 1380
1750695475494 16.0 1381
1750695488220 16.0 1382
1750695501019 16.0 1383
1750695518120 16.0 1384
1750695525837 16.0 1385
1750695538076 16.0 1386
1750695546243 16.0 1387
1750695575223 16.0 1388
1750695588028 16.0 1389
1750695600444 16.0 1390
1750695612967 16.0 1391
1750695629984 16.0 1392
1750695654568 16.0 1393
1750695666454 16.0 1394
1750695674346 16.0 1395
1750695701874 16.0 1396
1750695714485 16.0 1397
1750695727722 16.0 1398
1750695740630 16.0 1399
1750695759550 16.0 1400
1750695768017 16.0 1401
1750695784597 16.0 1402
1750695797274 16.0 1403
1750695820905 16.0 1404
1750695837562 16.0 1405
1750695845647 16.0 1406
1750695853814 16.0 1407
1750695875640 16.0 1408
1750695888113 16.0 1409
1750695891311 16.0 1410
1750696195651 16.0 1410
1750696262112 17.0 1411
1750696274700 17.0 1412
1750696287420 17.0 1413
1750696300227 17.0 1414
1750696322005 17.0 1415
1750696335009 17.0 1416
1750696346445 17.0 1417
1750696356228 17.0 1418
1750696381581 17.0 1419
1750696399382 17.0 1420
1750696412166 17.0 1421
1750696424829 17.0 1422
1750696441798 17.0 1423
1750696464512 17.0 1424
1750696477215 17.0 1425
1750696488475 17.0 1426
1750696501098 17.0 1427
1750696524157 17.0 1428
1750696536928 17.0 1429
1750696549843 17.0 1430
1750696562407 17.0 1431
1750696590489 17.0 1432
1750696603235 17.0 1433
1750696615889 17.0 1434
1750696623874 17.0 1435
1750696650974 17.0 1436
1750696663744 17.0 1437
1750696676660 17.0 1438
1750696691075 17.0 1439
1750696706017 17.0 1440
1750696717038 17.0 1441
1750696725370 17.0 1442
1750696757391 17.0 1443
1750696765197 17.0 1444
1750696772992 17.0 1445
1750696781124 17.0 1446
1750696834478 17.0 1447
1750696843993 17.0 1448
1750696852179 17.0 1449
1750696863064 17.0 1450
1750696902650 17.0 1451
1750696915335 17.0 1452
1750696927766 17.0 1453
1750696939273 17.0 1454
1750696959806 17.0 1455
1750696972559 17.0 1456
1750696985373 17.0 1457
1750696998027 17.0 1458
1750697028507 17.0 1459
1750697041316 17.0 1460
1750697051843 17.0 1461
1750697064649 17.0 1462
1750697096913 17.0 1463
1750697109599 17.0 1464
1750697122456 17.0 1465
1750697135373 17.0 1466
1750697155545 17.0 1467
1750697168423 17.0 1468
1750697180854 17.0 1469
1750697193290 17.0 1470
1750697211557 17.0 1471
1750697224143 17.0 1472
1750697237179 17.0 1473
1750697250084 17.0 1474
1750697270015 17.0 1475
1750697282784 17.0 1476
1750697295526 17.0 1477
1750697303574 17.0 1478
1750697332029 17.0 1479
1750697342468 17.0 1480
1750697350560 17.0 1481
1750697363008 17.0 1482
1750697391587 17.0 1483
1750697411589 17.0 1484
1750697419422 17.0 1485
1750697429310 17.0 1486
1750697449773 17.0 1487
1750697471334 17.0 1488
1750697478851 17.0 1489
1750697486319 17.0 1490
1750697502742 17.0 1491
1750697522115 17.0 1492
1750697525362 17.0 1493
1750697828471 17.0 1493
1750697890272 18.0 1494
1750697899764 18.0 1495
1750697912268 18.0 1496
1750697924995 18.0 1497
1750697952114 18.0 1498
1750697968574 18.0 1499
1750697982233 18.0 1500
1750697995500 18.0 1501
1750698025548 18.0 1502
1750698038116 18.0 1503
1750698047215 18.0 1504
1750698055069 18.0 1505
1750698079530 18.0 1506
1750698093874 18.0 1507
1750698106570 18.0 1508
1750698119328 18.0 1509
1750698136571 18.0 1510
1750698157501 18.0 1511
1750698170439 18.0 1512
1750698183255 18.0 1513
1750698207463 18.0 1514
1750698224168 18.0 1515
1750698236856 18.0 1516
1750698249550 18.0 1517
1750698286115 18.0 1518
1750698295576 18.0 1519
1750698306320 18.0 1520
1750698319056 18.0 1521
1750698354363 18.0 1522
1750698367490 18.0 1523
1750698375677 18.0 1524
1750698386995 18.0 1525
1750698419633 18.0 1526
1750698429178 18.0 1527
1750698437244 18.0 1528
1750698445409 18.0 1529
1750698474986 18.0 1530
1750698486200 18.0 1531
1750698496666 18.0 1532
1750698506489 18.0 1533
1750698549096 18.0 1534
1750698560503 18.0 1535
1750698568357 18.0 1536
1750698580966 18.0 1537
1750698615666 18.0 1538
1750698628401 18.0 1539
1750698637212 18.0 1540
1750698645364 18.0 1541
1750698674163 18.0 1542
1750698686225 18.0 1543
1750698696579 18.0 1544
1750698709436 18.0 1545
1750698740236 18.0 1546
1750698750751 18.0 1547
1750698763475 18.0 1548
1750698775508 18.0 1549
1750698794062 18.0 1550
1750698802750 18.0 1551
1750698815428 18.0 1552
1750698823862 18.0 1553
1750698864408 18.0 1554
1750698877390 18.0 1555
1750698890202 18.0 1556
1750698902611 18.0 1557
1750698924684 18.0 1558
1750698934445 18.0 1559
1750698946265 18.0 1560
1750698954262 18.0 1561
1750698983845 18.0 1562
1750698993701 18.0 1563
1750699005072 18.0 1564
1750699013063 18.0 1565
1750699046084 18.0 1566
1750699058737 18.0 1567
1750699071510 18.0 1568
1750699081859 18.0 1569
1750699108719 18.0 1570
1750699116742 18.0 1571
1750699125543 18.0 1572
1750699133243 18.0 1573
1750699159054 18.0 1574
1750699166281 18.0 1575
1750699169542 18.0 1576
1750699469787 18.0 1576
1750699536720 19.0 1577
1750699549455 19.0 1578
1750699562473 19.0 1579
1750699575063 19.0 1580
1750699591934 19.0 1581
1750699607885 19.0 1582
1750699620622 19.0 1583
1750699633289 19.0 1584
1750699644705 19.0 1585
1750699670329 19.0 1586
1750699683092 19.0 1587
1750699692254 19.0 1588
1750699708589 19.0 1589
1750699732145 19.0 1590
1750699740543 19.0 1591
1750699748646 19.0 1592
1750699784839 19.0 1593
1750699797495 19.0 1594
1750699810322 19.0 1595
1750699823208 19.0 1596
1750699846679 19.0 1597
1750699860032 19.0 1598
1750699871531 19.0 1599
1750699879651 19.0 1600
1750699913232 19.0 1601
1750699929303 19.0 1602
1750699942022 19.0 1603
1750699954879 19.0 1604
1750699968376 19.0 1605
1750699993658 19.0 1606
1750700001588 19.0 1607
1750700014281 19.0 1608
1750700028274 19.0 1609
1750700054479 19.0 1610
1750700067232 19.0 1611
1750700080142 19.0 1612
1750700089664 19.0 1613
1750700110723 19.0 1614
1750700123622 19.0 1615
1750700136689 19.0 1616
1750700157024 19.0 1617
1750700166485 19.0 1618
1750700186206 19.0 1619
1750700194267 19.0 1620
1750700216606 19.0 1621
1750700240352 19.0 1622
1750700248216 19.0 1623
1750700257831 19.0 1624
1750700280531 19.0 1625
1750700308112 19.0 1626
1750700320720 19.0 1627
1750700332207 19.0 1628
1750700345358 19.0 1629
1750700369693 19.0 1630
1750700382673 19.0 1631
1750700392530 19.0 1632
1750700401890 19.0 1633
1750700432463 19.0 1634
1750700449363 19.0 1635
1750700462095 19.0 1636
1750700474754 19.0 1637
1750700484204 19.0 1638
1750700515966 19.0 1639
1750700528671 19.0 1640
1750700541781 19.0 1641
1750700554245 19.0 1642
1750700583845 19.0 1643
1750700596557 19.0 1644
1750700609075 19.0 1645
1750700621860 19.0 1646
1750700640076 19.0 1647
1750700649373 19.0 1648
1750700662108 19.0 1649
1750700677783 19.0 1650
1750700711627 19.0 1651
1750700724128 19.0 1652
1750700737291 19.0 1653
1750700745029 19.0 1654
1750700768124 19.0 1655
1750700775605 19.0 1656
1750700783136 19.0 1657
1750700790393 19.0 1658
1750700793584 19.0 1659
1750701122897 19.0 1659
