1750668111579 2589.40673828125 0
1750668124051 1022.0575561523438 1
1750668136633 304.00494384765625 2
1750668149888 109.8192138671875 3
1750668199482 68.837158203125 4
1750668211999 59.7377815246582 5
1750668220802 48.59458923339844 6
1750668234312 40.259647369384766 7
1750668256720 46.24799728393555 8
1750668266652 38.24070358276367 9
1750668280201 25.952238082885742 10
1750668294159 28.968120574951172 11
1750668313812 24.675085067749023 12
1750668322953 17.693862915039062 13
1750668331763 13.844927787780762 14
1750668340647 13.098525047302246 15
1750668375010 12.738325119018555 16
1750668400304 11.662657737731934 17
1750668413712 11.16218376159668 18
1750668427253 10.546856880187988 19
1750668439216 10.747453689575195 20
1750668468551 11.146904945373535 21
1750668482555 8.956169128417969 22
1750668499062 8.00941276550293 23
1750668516377 7.823108673095703 24
1750668562698 8.0638427734375 25
1750668580855 5.9390387535095215 26
1750668599662 4.913605213165283 27
1750668616862 5.076568603515625 28
1750668652789 4.979681968688965 29
1750668665619 3.8408524990081787 30
1750668678131 3.755068302154541 31
1750668691734 2.4910480976104736 32
1750668726608 4.015832424163818 33
1750668739053 3.4369728565216064 34
1750668751215 2.956026315689087 35
1750668772555 3.380225419998169 36
1750668802345 2.967670440673828 37
1750668813608 2.4439523220062256 38
1750668825326 2.7477645874023438 39
1750668844451 1.9588346481323242 40
1750668876930 2.84997296333313 41
1750668888289 2.19407320022583 42
1750668897041 2.7214126586914062 43
1750668913294 2.012512445449829 44
1750668942389 1.849107265472412 45
1750668953327 2.157954216003418 46
1750668962143 1.7948354482650757 47
1750668984944 1.5437724590301514 48
1750669013311 1.7496693134307861 49
1750669024998 1.555280089378357 50
1750669036273 1.3564820289611816 51
1750669055075 1.4409888982772827 52
1750669080485 1.5346852540969849 53
1750669091484 1.342589020729065 54
1750669105293 1.1356651782989502 55
1750669118936 1.37178635597229 56
1750669150333 1.1298398971557617 57
1750669160159 1.0782644748687744 58
1750669170306 0.9465653896331787 59
1750669191786 1.1727665662765503 60
1750669219008 1.0404789447784424 61
1750669231794 1.3465077877044678 62
1750669241936 1.2749961614608765 63
1750669258341 0.8362581133842468 64
1750669293234 0.8999851942062378 65
1750669302104 0.9493861794471741 66
1750669311118 0.7714961171150208 67
1750669333317 1.115084171295166 68
1750669353817 0.6592912673950195 69
1750669362578 0.6510685682296753 70
1750669371684 0.6719141006469727 71
1750669405686 0.9015920162200928 72
1750669416185 0.957737147808075 73
1750669429867 0.6813634634017944 74
1750669441184 0.5989714860916138 75
1750669472343 0.7132053375244141 76
1750669481241 0.6614561080932617 77
1750669489972 0.7119691967964172 78
1750669498536 0.8397613167762756 79
1750669523039 0.5534690022468567 80
1750669531746 0.5272425413131714 81
1750669535206 0.6827564835548401 82
1750669942116 0.6101540327072144 83
1750669950811 0.5373151302337646 84
1750669964292 0.5667999982833862 85
1750669977657 0.5279016494750977 86
1750670000789 0.7109574675559998 87
1750670018849 0.5047082901000977 88
1750670032260 0.5785608291625977 89
1750670045669 0.5583882331848145 90
1750670071385 0.6830283999443054 91
1750670087781 0.6156489253044128 92
1750670101531 0.4688011407852173 93
1750670115016 0.612303614616394 94
1750670138112 0.5379685759544373 95
1750670146867 0.5133745670318604 96
1750670156978 0.4154700040817261 97
1750670170867 0.4665921926498413 98
1750670197277 0.37634938955307007 99
1750670215747 0.47826093435287476 100
1750670227053 0.4876067042350769 101
1750670236213 0.6204063892364502 102
1750670265982 0.5220556259155273 103
1750670276802 0.5615288019180298 104
1750670285833 0.49475571513175964 105
1750670295402 0.5752219557762146 106
1750670333611 0.464471697807312 107
1750670349331 0.4799615442752838 108
1750670361659 0.43333321809768677 109
1750670370444 0.45947277545928955 110
1750670405419 0.4037191867828369 111
1750670415507 0.3658723831176758 112
1750670428378 0.554226815700531 113
1750670442218 0.4109642207622528 114
1750670470822 0.36743056774139404 115
1750670488112 0.432941734790802 116
1750670500918 0.4313257932662964 117
1750670511854 0.3446643054485321 118
1750670542576 0.4241971969604492 119
1750670556901 0.4441213011741638 120
1750670569758 0.4122264087200165 121
1750670579288 0.3570452034473419 122
1750670601463 0.4858595132827759 123
1750670619063 0.36886799335479736 124
1750670631921 0.4342045783996582 125
1750670642365 0.3689444661140442 126
1750670668067 0.36272957921028137 127
1750670681288 0.39848315715789795 128
1750670693853 0.42888742685317993 129
1750670704969 0.39831167459487915 130
1750670728135 0.377071738243103 131
1750670743377 0.3497735857963562 132
1750670753300 0.3018431067466736 133
1750670763453 0.37389707565307617 134
1750670783987 0.3851434886455536 135
1750670806972 0.38366883993148804 136
1750670819427 0.36964190006256104 137
1750670831559 0.531179666519165 138
1750670848125 0.4407183825969696 139
1750670873334 0.4031916856765747 140
1750670881229 0.389604389667511 141
1750670889379 0.3366019129753113 142
1750670915359 0.3386459946632385 143
1750670935690 0.29915085434913635 144
1750670948411 0.4781333804130554 145
1750670961206 0.4453955590724945 146
1750670981045 0.3626207709312439 147
1750670995817 0.36505767703056335 148
1750671004508 0.3746151328086853 149
1750671015026 0.32591408491134644 150
1750671048257 0.3760538399219513 151
1750671061094 0.30793726444244385 152
1750671077659 0.39750349521636963 153
1750671091515 0.3359244763851166 154
1750671102249 0.3161681592464447 155
1750671124236 0.3155810236930847 156
1750671137893 0.3446882963180542 157
1750671151521 0.3213060200214386 158
1750671169163 0.3715018630027771 159
1750671189259 0.353843629360199 160
1750671198107 0.3030756115913391 161
1750671206726 0.432002991437912 162
1750671227143 0.28111279010772705 163
1750671243661 0.3332086205482483 164
1750671247128 0.40974199771881104 165
1750671633433 0.4040793776512146 166
1750671647306 0.338753879070282 167
1750671659655 0.2702687382698059 168
1750671673158 0.3359644412994385 169
1750671698304 0.33379632234573364 170
1750671711883 0.3982203006744385 171
1750671725410 0.3156574070453644 172
1750671736647 0.30950164794921875 173
1750671764297 0.30804377794265747 174
1750671778106 0.3390122056007385 175
1750671791239 0.34053826332092285 176
1750671804899 0.42744818329811096 177
1750671826819 0.28845322132110596 178
1750671835906 0.38060471415519714 179
1750671849602 0.4142233729362488 180
1750671862417 0.2719768285751343 181
1750671901240 0.3070628046989441 182
1750671914635 0.2920403480529785 183
1750671923545 0.26572805643081665 184
1750671933571 0.2985704839229584 185
1750671965435 0.2907482981681824 186
1750671976376 0.27439820766448975 187
1750671986055 0.3598043918609619 188
1750671999588 0.3802678883075714 189
1750672032864 0.2942618131637573 190
1750672046369 0.32831090688705444 191
1750672058294 0.32351312041282654 192
1750672070194 0.35195255279541016 193
1750672100737 0.22819557785987854 194
1750672113460 0.2901776134967804 195
1750672126293 0.3700947165489197 196
1750672139769 0.3118301033973694 197
1750672165562 0.2982579171657562 198
1750672177215 0.3004228472709656 199
1750672190567 0.32724618911743164 200
1750672204084 0.2659745216369629 201
1750672231381 0.2609381675720215 202
1750672241141 0.2852410078048706 203
1750672254019 0.36059194803237915 204
1750672266755 0.31154048442840576 205
1750672303317 0.32137519121170044 206
1750672315583 0.2557713985443115 207
1750672327689 0.37583255767822266 208
1750672339977 0.34475910663604736 209
1750672380009 0.2638102173805237 210
1750672393579 0.42052939534187317 211
1750672407081 0.26057255268096924 212
1750672416587 0.26207172870635986 213
1750672449242 0.29238757491111755 214
1750672462674 0.3165387213230133 215
1750672471640 0.3535836338996887 216
1750672482037 0.2314911186695099 217
1750672520583 0.31438693404197693 218
1750672534034 0.23452357947826385 219
1750672547294 0.26974448561668396 220
1750672560702 0.2798693776130676 221
1750672579631 0.2260335087776184 222
1750672593397 0.250721275806427 223
1750672606682 0.3421814441680908 224
1750672620164 0.41266727447509766 225
1750672643597 0.27532801032066345 226
1750672657069 0.2983827590942383 227
1750672670518 0.2703287601470947 228
1750672684352 0.28692877292633057 229
1750672700701 0.2574906349182129 230
1750672713288 0.23867708444595337 231
1750672726874 0.28055229783058167 232
1750672742167 0.3002500534057617 233
1750672771828 0.28911730647087097 234
1750672785002 0.27010518312454224 235
1750672797722 0.2597970962524414 236
1750672805509 0.24327512085437775 237
1750672832574 0.42340028285980225 238
1750672845070 0.2627298831939697 239
1750672857667 0.3114270865917206 240
1750672866875 0.2629471719264984 241
1750672894750 0.30708685517311096 242
1750672907267 0.3116980195045471 243
1750672917890 0.25906145572662354 244
1750672925398 0.27601158618927 245
1750672951903 0.2839359641075134 246
1750672959150 0.2733405530452728 247
1750672962644 0.28714266419410706 248
1750673332543 0.31317684054374695 249
1750673340346 0.24423903226852417 250
1750673351991 0.2564154863357544 251
1750673361120 0.25551122426986694 252
1750673395861 0.22243832051753998 253
1750673404171 0.24830546975135803 254
1750673412327 0.31966841220855713 255
1750673420404 0.25200355052948 256
1750673450707 0.30866461992263794 257
1750673463340 0.41581931710243225 258
1750673476057 0.24848631024360657 259
1750673489167 0.2500292956829071 260
1750673506448 0.26135459542274475 261
1750673523524 0.26225733757019043 262
1750673536116 0.3346632719039917 263
1750673548803 0.2646380066871643 264
1750673564978 0.2543732523918152 265
1750673579714 0.3172522485256195 266
1750673593768 0.27544769644737244 267
1750673603197 0.2842583954334259 268
1750673630439 0.29890426993370056 269
1750673643256 0.31992030143737793 270
1750673662457 0.27209049463272095 271
1750673675135 0.2404024749994278 272
1750673685316 0.28042542934417725 273
1750673698003 0.2827634811401367 274
1750673727128 0.2771213948726654 275
1750673735188 0.2567419707775116 276
1750673748569 0.3075184226036072 277
1750673766538 0.26849880814552307 278
1750673793481 0.31822091341018677 279
1750673801861 0.22328825294971466 280
1750673814561 0.27841174602508545 281
1750673824211 0.2538772225379944 282
1750673861183 0.26461300253868103 283
1750673873880 0.26964130997657776 284
1750673886582 0.2846614718437195 285
1750673899325 0.24778476357460022 286
1750673931985 0.2544777989387512 287
1750673944909 0.23927029967308044 288
1750673953006 0.26378077268600464 289
1750673962473 0.3545028269290924 290
1750673992079 0.31115639209747314 291
1750674003322 0.23719745874404907 292
1750674016045 0.23830431699752808 293
1750674028375 0.23428751528263092 294
1750674062117 0.2779020667076111 295
1750674074299 0.2652602195739746 296
1750674087328 0.3134705126285553 297
1750674098809 0.24486757814884186 298
1750674125801 0.2744233310222626 299
1750674136086 0.25342363119125366 300
1750674148748 0.2245311290025711 301
1750674160364 0.30521199107170105 302
1750674185513 0.2582213580608368 303
1750674198738 0.2526899576187134 304
1750674211674 0.24331942200660706 305
1750674222677 0.23903581500053406 306
1750674250178 0.26690417528152466 307
1750674260735 0.2348760962486267 308
1750674270893 0.257132351398468 309
1750674279095 0.25949084758758545 310
1750674316626 0.20895689725875854 311
1750674326668 0.22254100441932678 312
1750674336433 0.21861954033374786 313
1750674346529 0.22571107745170593 314
1750674376263 0.2150469720363617 315
1750674389342 0.24583876132965088 316
1750674402106 0.27341529726982117 317
1750674414496 0.22554177045822144 318
1750674448960 0.27234867215156555 319
1750674457170 0.23500514030456543 320
1750674466506 0.22067399322986603 321
1750674479111 0.2671256959438324 322
1750674515915 0.23931819200515747 323
1750674528516 0.2451038658618927 324
1750674541287 0.2326447069644928 325
1750674551748 0.25931233167648315 326
1750674573089 0.27239495515823364 327
1750674580388 0.24733661115169525 328
1750674587942 0.22783666849136353 329
1750674595158 0.3177081346511841 330
1750674598346 0.21872416138648987 331
1750674978780 0.23134882748126984 332
1750674991294 0.2777663767337799 333
1750675003820 0.25708696246147156 334
1750675016860 0.20778575539588928 335
1750675034674 0.26720115542411804 336
1750675047181 0.2449217140674591 337
1750675059814 0.30176985263824463 338
1750675072395 0.22193995118141174 339
1750675097815 0.23004330694675446 340
1750675113579 0.22759228944778442 341
1750675126512 0.18947403132915497 342
1750675134416 0.18915194272994995 343
1750675161766 0.24403640627861023 344
1750675183213 0.2564859092235565 345
1750675196103 0.24997088313102722 346
1750675208917 0.24207249283790588 347
1750675217217 0.21021759510040283 348
1750675246113 0.22362080216407776 349
1750675258889 0.30710160732269287 350
1750675269523 0.38802576065063477 351
1750675281810 0.2707594931125641 352
1750675309620 0.24181082844734192 353
1750675320759 0.2460678219795227 354
1750675332388 0.241768017411232 355
1750675349897 0.22949741780757904 356
1750675382038 0.25655993819236755 357
1750675392438 0.21633502840995789 358
1750675400958 0.22921442985534668 359
1750675409249 0.2154170572757721 360
1750675450615 0.20905685424804688 361
1750675460549 0.2971808910369873 362
1750675469899 0.22707059979438782 363
1750675482723 0.2921067774295807 364
1750675509930 0.22683116793632507 365
1750675518348 0.22959521412849426 366
1750675527792 0.23285388946533203 367
1750675541464 0.2355024516582489 368
1750675573322 0.23398929834365845 369
1750675581300 0.22691208124160767 370
1750675593914 0.20755574107170105 371
1750675601987 0.25596708059310913 372
1750675638834 0.24128997325897217 373
1750675648281 0.280545711517334 374
1750675660936 0.21066594123840332 375
1750675673732 0.2356928139925003 376
1750675706053 0.2220819890499115 377
1750675714173 0.22526437044143677 378
1750675722134 0.2643464207649231 379
1750675733594 0.21139374375343323 380
1750675764266 0.23723910748958588 381
1750675776124 0.23253464698791504 382
1750675788957 0.31746119260787964 383
1750675801484 0.24385830760002136 384
1750675823830 0.23391863703727722 385
1750675836683 0.20539435744285583 386
1750675849474 0.23995381593704224 387
1750675859730 0.28121358156204224 388
1750675885323 0.24587009847164154 389
1750675894754 0.22961032390594482 390
1750675902901 0.2300860583782196 391
1750675919583 0.22751322388648987 392
1750675940441 0.23165079951286316 393
1750675948372 0.21476244926452637 394
1750675956226 0.30280327796936035 395
1750675978593 0.20160247385501862 396
1750676007419 0.22448787093162537 397
1750676020118 0.23659411072731018 398
1750676032471 0.2394869029521942 399
1750676046546 0.23476271331310272 400
1750676068234 0.2626875936985016 401
1750676081043 0.2400398701429367 402
1750676094280 0.22160297632217407 403
1750676111697 0.23812203109264374 404
1750676125115 0.21621379256248474 405
1750676135802 0.23146018385887146 406
1750676146392 0.2254684865474701 407
1750676178069 0.2401646375656128 408
1750676185990 0.23530200123786926 409
1750676194088 0.21910788118839264 410
1750676201583 0.2616584002971649 411
1750676231453 0.23431597650051117 412
1750676238680 0.2190023958683014 413
1750676241886 0.25285863876342773 414
1750676607312 0.23733696341514587 415
1750676616284 0.2667505741119385 416
1750676628847 0.2004207968711853 417
1750676641425 0.24089446663856506 418
1750676667251 0.22028210759162903 419
1750676675257 0.22801253199577332 420
1750676688109 0.2135811597108841 421
1750676701402 0.23697999119758606 422
1750676735747 0.2278975248336792 423
1750676748393 0.22806134819984436 424
1750676761224 0.2036181390285492 425
1750676773736 0.1952228546142578 426
1750676795331 0.21205183863639832 427
1750676807487 0.3160831332206726 428
1750676820407 0.18411406874656677 429
1750676833234 0.2004421204328537 430
1750676851434 0.21456465125083923 431
1750676860030 0.2698104977607727 432
1750676867871 0.23631954193115234 433
1750676876045 0.25556665658950806 434
1750676916848 0.20594379305839539 435
1750676929694 0.20299771428108215 436
1750676942356 0.22322599589824677 437
1750676955140 0.24861076474189758 438
1750676978369 0.2374476194381714 439
1750676986482 0.24326182901859283 440
1750676999557 0.27926701307296753 441
1750677008053 0.19778603315353394 442
1750677037151 0.2216414511203766 443
1750677049905 0.21389836072921753 444
1750677066742 0.21684187650680542 445
1750677079466 0.20559333264827728 446
1750677097941 0.24605247378349304 447
1750677110840 0.19881226122379303 448
1750677129469 0.2366488128900528 449
1750677140720 0.24607990682125092 450
1750677155936 0.22671346366405487 451
1750677168518 0.24372491240501404 452
1750677195563 0.2987496256828308 453
1750677206640 0.24328312277793884 454
1750677219339 0.22173860669136047 455
1750677239750 0.19522054493427277 456
1750677253067 0.2077585756778717 457
1750677266160 0.1976521760225296 458
1750677284968 0.20919999480247498 459
1750677300512 0.2145824432373047 460
1750677315998 0.22105799615383148 461
1750677328281 0.2578068971633911 462
1750677341490 0.22591927647590637 463
1750677363099 0.22906213998794556 464
1750677374397 0.2303842008113861 465
1750677388364 0.2075597643852234 466
1750677406791 0.2044849693775177 467
1750677424289 0.19928139448165894 468
1750677437134 0.25984987616539 469
1750677457470 0.22753652930259705 470
1750677474398 0.23526890575885773 471
1750677490230 0.213163822889328 472
1750677503276 0.21516959369182587 473
1750677516906 0.21466916799545288 474
1750677532193 0.21060532331466675 475
1750677563926 0.22086265683174133 476
1750677575398 0.22224856913089752 477
1750677584125 0.210134819149971 478
1750677592706 0.22674806416034698 479
1750677619557 0.23007668554782867 480
1750677635816 0.21172158420085907 481
1750677648603 0.19862422347068787 482
1750677659744 0.24270974099636078 483
1750677684535 0.2390178143978119 484
1750677692414 0.21824821829795837 485
1750677714202 0.20160727202892303 486
1750677726261 0.20852559804916382 487
1750677741036 0.23975622653961182 488
1750677760437 0.2083788514137268 489
1750677782804 0.20535606145858765 490
1750677795423 0.21241497993469238 491
1750677808177 0.1916940063238144 492
1750677828397 0.1799394190311432 493
1750677836749 0.2501387298107147 494
1750677850981 0.23641933500766754 495
1750677858554 0.2073010504245758 496
1750677861770 0.17586636543273926 497
1750678240240 0.23160849511623383 498
1750678253048 0.20872041583061218 499
1750678265681 0.201992928981781 500
1750678278469 0.21332579851150513 501
1750678302918 0.21342410147190094 502
1750678318177 0.2569037079811096 503
1750678328931 0.21915864944458008 504
1750678341547 0.20754048228263855 505
1750678365804 0.23465895652770996 506
1750678379852 0.2389577329158783 507
1750678392545 0.20920509099960327 508
1750678405457 0.2111915946006775 509
1750678431816 0.23349857330322266 510
1750678446391 0.1905525177717209 511
1750678458365 0.18442365527153015 512
1750678471168 0.23708456754684448 513
1750678501279 0.22951781749725342 514
1750678514440 0.20903009176254272 515
1750678527216 0.22502049803733826 516
1750678539857 0.2874332070350647 517
1750678566073 0.20413121581077576 518
1750678577065 0.22813071310520172 519
1750678589580 0.1970157027244568 520
1750678602513 0.2778967022895813 521
1750678620864 0.19202610850334167 522
1750678633310 0.19904401898384094 523
1750678646160 0.20072408020496368 524
1750678658922 0.20467010140419006 525
1750678685975 0.2239573746919632 526
1750678696237 0.18477582931518555 527
1750678707682 0.22793634235858917 528
1750678717580 0.19737565517425537 529
1750678746976 0.19627578556537628 530
1750678764684 0.24104860424995422 531
1750678775917 0.20038318634033203 532
1750678788677 0.20016661286354065 533
1750678810600 0.21231883764266968 534
1750678827566 0.19610196352005005 535
1750678840443 0.191344752907753 536
1750678852390 0.2242872714996338 537
1750678871044 0.2157576084136963 538
1750678891194 0.21168434619903564 539
1750678903143 0.20536784827709198 540
1750678915763 0.2637598514556885 541
1750678931978 0.18958133459091187 542
1750678953294 0.21936854720115662 543
1750678965252 0.18300583958625793 544
1750678976831 0.20444825291633606 545
1750678990922 0.23659488558769226 546
1750679011621 0.2396804392337799 547
1750679024331 0.2206428050994873 548
1750679037005 0.22236278653144836 549
1750679046138 0.20727583765983582 550
1750679075517 0.19298692047595978 551
1750679088168 0.2047433853149414 552
1750679100642 0.24639298021793365 553
1750679113805 0.2282848060131073 554
1750679138619 0.1987638771533966 555
1750679146774 0.221818208694458 556
1750679159526 0.18307118117809296 557
1750679180256 0.20326589047908783 558
1750679205933 0.2031358927488327 559
1750679217478 0.2100619524717331 560
1750679230181 0.199496328830719 561
1750679239690 0.18147359788417816 562
1750679274120 0.21686431765556335 563
1750679283835 0.21860945224761963 564
1750679294077 0.19100862741470337 565
1750679312498 0.1918589472770691 566
1750679338678 0.24328738451004028 567
1750679351466 0.1924726963043213 568
1750679364124 0.18414536118507385 569
1750679381767 0.1780751347541809 570
1750679398883 0.19699090719223022 571
1750679410671 0.21002978086471558 572
1750679423386 0.22266878187656403 573
1750679443554 0.21181035041809082 574
1750679456616 0.20799106359481812 575
1750679464126 0.19524574279785156 576
1750679471604 0.2061072289943695 577
1750679495855 0.20129288733005524 578
1750679507134 0.16110728681087494 579
1750679510332 0.23429454863071442 580
1750679880655 0.23883050680160522 581
1750679893155 0.17221295833587646 582
1750679905768 0.19059506058692932 583
1750679918981 0.17508499324321747 584
1750679935844 0.21074791252613068 585
1750679944547 0.1711929738521576 586
1750679957205 0.19766928255558014 587
1750679970199 0.20301103591918945 588
1750679988861 0.19556336104869843 589
1750680008553 0.22017568349838257 590
1750680016701 0.23070943355560303 591
1750680025151 0.20103219151496887 592
1750680055057 0.21485915780067444 593
1750680064768 0.22315487265586853 594
1750680077587 0.21600744128227234 595
1750680085538 0.21404191851615906 596
1750680114209 0.1881578266620636 597
1750680131746 0.19481676816940308 598
1750680148289 0.1655791997909546 599
1750680159334 0.20765593647956848 600
1750680176639 0.20463687181472778 601
1750680197932 0.21645617485046387 602
1750680209209 0.17876699566841125 603
1750680217082 0.21932503581047058 604
1750680236219 0.20661136507987976 605
1750680270120 0.2437705397605896 606
1750680282545 0.23619042336940765 607
1750680293520 0.20674890279769897 608
1750680306745 0.19800099730491638 609
1750680333820 0.18991543352603912 610
1750680346483 0.20759445428848267 611
1750680359108 0.21199533343315125 612
1750680368368 0.2251361608505249 613
1750680399151 0.1753397434949875 614
1750680409772 0.20644882321357727 615
1750680417630 0.21875974535942078 616
1750680443365 0.22304005920886993 617
1750680456395 0.1918584406375885 618
1750680469088 0.20206433534622192 619
1750680478632 0.18445885181427002 620
1750680503621 0.19460904598236084 621
1750680525652 0.22455433011054993 622
1750680536771 0.19698628783226013 623
1750680546678 0.20841509103775024 624
1750680570714 0.2322695255279541 625
1750680591443 0.18938735127449036 626
1750680602595 0.21578773856163025 627
1750680615183 0.19972014427185059 628
1750680625898 0.20480798184871674 629
1750680656578 0.17448505759239197 630
1750680669463 0.19384311139583588 631
1750680682173 0.17920759320259094 632
1750680691536 0.18896055221557617 633
1750680714763 0.23268483579158783 634
1750680727552 0.22064462304115295 635
1750680735410 0.20745357871055603 636
1750680758160 0.19296684861183167 637
1750680783205 0.2030872106552124 638
1750680796015 0.18350650370121002 639
1750680809122 0.17370887100696564 640
1750680817059 0.22907844185829163 641
1750680838929 0.1965261846780777 642
1750680849935 0.18993103504180908 643
1750680862521 0.2009487897157669 644
1750680877550 0.2245580404996872 645
1750680901664 0.20123320817947388 646
1750680914441 0.19241836667060852 647
1750680926219 0.1998632252216339 648
1750680947523 0.19743388891220093 649
1750680970348 0.18760661780834198 650
1750680982356 0.16795867681503296 651
1750680992375 0.2004999816417694 652
1750681011970 0.19236040115356445 653
1750681027972 0.20455847680568695 654
1750681036546 0.22957827150821686 655
1750681046604 0.21712183952331543 656
1750681071916 0.1965566873550415 657
1750681097238 0.21724306046962738 658
1750681104843 0.22722235321998596 659
1750681112400 0.21902428567409515 660
1750681123088 0.15946854650974274 661
1750681148485 0.20003116130828857 662
1750681151689 0.1867518275976181 663
1750681516421 0.21169251203536987 664
1750681529589 0.19995400309562683 665
1750681542356 0.2228170782327652 666
1750681555025 0.19737257063388824 667
1750681581722 0.17035892605781555 668
1750681594347 0.20835795998573303 669
1750681606868 0.18326546251773834 670
1750681619883 0.17787057161331177 671
1750681641900 0.256026029586792 672
1750681654521 0.178348571062088 673
1750681667124 0.1625167727470398 674
1750681679844 0.21110370755195618 675
1750681704934 0.20535381138324738 676
1750681718665 0.18925243616104126 677
1750681732296 0.18130606412887573 678
1750681741156 0.20574352145195007 679
1750681773416 0.20651808381080627 680
1750681786775 0.20607975125312805 681
1750681800254 0.18309463560581207 682
1750681810675 0.18724240362644196 683
1750681846075 0.19434988498687744 684
1750681859806 0.18921324610710144 685
1750681873303 0.19041159749031067 686
1750681883346 0.23157337307929993 687
1750681918630 0.18373097479343414 688
1750681930315 0.21817296743392944 689
1750681940187 0.19094553589820862 690
1750681948868 0.21075792610645294 691
1750681990270 0.20532165467739105 692
1750681999038 0.20556721091270447 693
1750682009208 0.21038638055324554 694
1750682022752 0.18841701745986938 695
1750682056133 0.18397414684295654 696
1750682066070 0.1979346126317978 697
1750682078753 0.1825183629989624 698
1750682089980 0.21399784088134766 699
1750682123485 0.1717090904712677 700
1750682134995 0.21459418535232544 701
1750682147808 0.17854762077331543 702
1750682156581 0.18060696125030518 703
1750682192066 0.23691046237945557 704
1750682205276 0.18562737107276917 705
1750682218766 0.20155218243598938 706
1750682232498 0.1831028163433075 707
1750682252876 0.20697826147079468 708
1750682266675 0.19624006748199463 709
1750682279721 0.1849057972431183 710
1750682292157 0.1846896857023239 711
1750682313229 0.18992115557193756 712
1750682326655 0.22078058123588562 713
1750682335863 0.25151515007019043 714
1750682352527 0.16476765275001526 715
1750682379705 0.2093600034713745 716
1750682393150 0.20487584173679352 717
1750682406641 0.22313359379768372 718
1750682420287 0.1883779615163803 719
1750682450934 0.20044277608394623 720
1750682463012 0.18545998632907867 721
1750682476523 0.16716907918453217 722
1750682485046 0.15814568102359772 723
1750682517908 0.20266051590442657 724
1750682531417 0.17942699790000916 725
1750682544753 0.185785710811615 726
1750682558457 0.18496832251548767 727
1750682576587 0.20490685105323792 728
1750682590147 0.18668027222156525 729
1750682601095 0.1952175796031952 730
1750682614671 0.1788511574268341 731
1750682634471 0.20077210664749146 732
1750682648333 0.19126039743423462 733
1750682661834 0.20865273475646973 734
1750682670448 0.20049245655536652 735
1750682701904 0.1908828765153885 736
1750682715318 0.19808511435985565 737
1750682728859 0.1807030588388443 738
1750682740497 0.19091765582561493 739
1750682765057 0.19204451143741608 740
1750682774556 0.20633092522621155 741
1750682783254 0.20130744576454163 742
1750682791655 0.19809943437576294 743
1750682820932 0.18013523519039154 744
1750682829152 0.1880965381860733 745
1750682832698 0.21433153748512268 746
1750683213218 0.21124573051929474 747
1750683226624 0.20137521624565125 748
1750683240111 0.20384298264980316 749
1750683253526 0.1728452891111374 750
1750683277300 0.19486382603645325 751
1750683286298 0.20074869692325592 752
1750683299585 0.1670331507921219 753
1750683312998 0.19765491783618927 754
1750683339775 0.18515640497207642 755
1750683348142 0.18468597531318665 756
1750683356799 0.21956688165664673 757
1750683365461 0.19206809997558594 758
1750683397560 0.20770546793937683 759
1750683414818 0.1813395768404007 760
1750683428204 0.18825137615203857 761
1750683441816 0.17852504551410675 762
1750683466228 0.19520419836044312 763
1750683476441 0.19238919019699097 764
1750683489984 0.18885491788387299 765
1750683503520 0.20150233805179596 766
1750683532888 0.1754651516675949 767
1750683548426 0.19131818413734436 768
1750683557862 0.21069666743278503 769
1750683566710 0.18490366637706757 770
1750683598608 0.20775875449180603 771
1750683615923 0.20187225937843323 772
1750683629321 0.17477285861968994 773
1750683642582 0.16754937171936035 774
1750683672592 0.20031782984733582 775
1750683686144 0.19750669598579407 776
1750683699857 0.16133549809455872 777
1750683713182 0.21009552478790283 778
1750683747065 0.17642056941986084 779
1750683757677 0.19426029920578003 780
1750683767490 0.16973736882209778 781
1750683780911 0.20607134699821472 782
1750683810349 0.18692460656166077 783
1750683823937 0.19183263182640076 784
1750683837093 0.1618962287902832 785
1750683850432 0.17290470004081726 786
1750683868072 0.20979514718055725 787
1750683881395 0.17936554551124573 788
1750683894817 0.1895104944705963 789
1750683908010 0.19557496905326843 790
1750683930318 0.18723666667938232 791
1750683943638 0.2091364711523056 792
1750683956953 0.23009604215621948 793
1750683970259 0.1957099586725235 794
1750683990271 0.160582035779953 795
1750684003561 0.20084884762763977 796
1750684016932 0.1809975653886795 797
1750684030422 0.19418436288833618 798
1750684057876 0.19537018239498138 799
1750684066675 0.18774792551994324 800
1750684075432 0.1943288892507553 801
1750684089278 0.19320711493492126 802
1750684121129 0.18748141825199127 803
1750684134635 0.19539237022399902 804
1750684148054 0.1976536512374878 805
1750684161605 0.18441356718540192 806
1750684187006 0.18179334700107574 807
1750684200851 0.18747341632843018 808
1750684214312 0.20359793305397034 809
1750684223078 0.15926460921764374 810
1750684256275 0.1756480485200882 811
1750684269980 0.18665680289268494 812
1750684283574 0.17683225870132446 813
1750684297370 0.18538904190063477 814
1750684321417 0.1761580854654312 815
1750684334808 0.20857611298561096 816
1750684343614 0.2090146243572235 817
1750684352276 0.18552951514720917 818
1750684383324 0.1864963322877884 819
1750684394103 0.25015988945961 820
1750684407182 0.16830100119113922 821
1750684420825 0.20344245433807373 822
1750684444921 0.18513447046279907 823
1750684453406 0.1976323425769806 824
1750684461914 0.21989163756370544 825
1750684470492 0.18021303415298462 826
1750684499486 0.18348351120948792 827
1750684507390 0.1690990924835205 828
1750684510833 0.19017544388771057 829
1750684896778 0.18875499069690704 830
1750684910015 0.17930757999420166 831
1750684922732 0.1834111213684082 832
1750684935806 0.1750400811433792 833
1750684964061 0.19148029386997223 834
1750684976638 0.2049281746149063 835
1750684989170 0.18586942553520203 836
1750685001851 0.19127504527568817 837
1750685039263 0.20104391872882843 838
1750685052419 0.17265507578849792 839
1750685061557 0.1896718144416809 840
1750685074196 0.17619912326335907 841
1750685108597 0.1807069033384323 842
1750685119310 0.19721102714538574 843
1750685128148 0.21191993355751038 844
1750685140789 0.18947966396808624 845
1750685170691 0.1867024302482605 846
1750685179909 0.161748468875885 847
1750685188949 0.16813141107559204 848
1750685198033 0.19534718990325928 849
1750685228899 0.2006051242351532 850
1750685241520 0.16578608751296997 851
1750685252228 0.16554860770702362 852
1750685259986 0.186701700091362 853
1750685282775 0.19320669770240784 854
1750685295581 0.18124103546142578 855
1750685308340 0.18273146450519562 856
1750685319424 0.21785926818847656 857
1750685342705 0.19833479821681976 858
1750685355372 0.19373954832553864 859
1750685368137 0.1800519824028015 860
1750685380593 0.17736974358558655 861
1750685396944 0.20735196769237518 862
1750685409629 0.17517192661762238 863
1750685422620 0.18442142009735107 864
1750685435222 0.1877104938030243 865
1750685451683 0.21243764460086823 866
1750685464155 0.20081743597984314 867
1750685476835 0.16504237055778503 868
1750685489433 0.18444132804870605 869
1750685515374 0.1861247718334198 870
1750685528079 0.23262837529182434 871
1750685540583 0.1836516261100769 872
1750685553152 0.17403538525104523 873
1750685580047 0.15486431121826172 874
1750685592583 0.1957979053258896 875
1750685605348 0.1975650042295456 876
1750685618350 0.17668123543262482 877
1750685636333 0.20714175701141357 878
1750685649052 0.17544689774513245 879
1750685658923 0.17396242916584015 880
1750685669917 0.18617978692054749 881
1750685704034 0.1904735267162323 882
1750685717158 0.1774841696023941 883
1750685729798 0.17626714706420898 884
1750685737731 0.17173093557357788 885
1750685759721 0.19351474940776825 886
1750685772401 0.2320178747177124 887
1750685785013 0.19517654180526733 888
1750685793168 0.19150227308273315 889
1750685825094 0.16959723830223083 890
1750685835179 0.20446982979774475 891
1750685847797 0.16484849154949188 892
1750685860423 0.18456846475601196 893
1750685887252 0.19047920405864716 894
1750685900559 0.18868820369243622 895
1750685913020 0.18324917554855347 896
1750685925561 0.17715272307395935 897
1750685947450 0.17456045746803284 898
1750685960164 0.1637091487646103 899
1750685972969 0.18154333531856537 900
1750685985658 0.18714745342731476 901
1750686012075 0.1917225569486618 902
1750686020692 0.2057695984840393 903
1750686028566 0.19351327419281006 904
1750686046603 0.16985765099525452 905
1750686075539 0.20501984655857086 906
1750686083536 0.19381536543369293 907
1750686091942 0.18970711529254913 908
1750686104505 0.1954861581325531 909
1750686126287 0.17230968177318573 910
1750686133570 0.1718798130750656 911
1750686136782 0.1821620613336563 912
1750686508018 0.1831725835800171 913
1750686521106 0.17869646847248077 914
1750686533760 0.17808906733989716 915
1750686546376 0.20516663789749146 916
1750686564685 0.16051709651947021 917
1750686577295 0.17210343480110168 918
1750686587669 0.1673901528120041 919
1750686595702 0.16182442009449005 920
1750686631690 0.1610332876443863 921
1750686644391 0.19717969000339508 922
1750686652353 0.18848185241222382 923
1750686665063 0.2020893692970276 924
1750686694626 0.18269360065460205 925
1750686704095 0.18792614340782166 926
1750686717209 0.17021548748016357 927
1750686725148 0.20073556900024414 928
1750686761553 0.17367438971996307 929
1750686774029 0.204324871301651 930
1750686786803 0.19805943965911865 931
1750686799440 0.170680433511734 932
1750686816868 0.1672724336385727 933
1750686829426 0.1932954490184784 934
1750686838900 0.18551334738731384 935
1750686851673 0.1998293697834015 936
1750686877760 0.18170009553432465 937
1750686889957 0.18151313066482544 938
1750686903195 0.21165035665035248 939
1750686916126 0.1663605123758316 940
1750686944478 0.21554693579673767 941
1750686956278 0.18448419868946075 942
1750686964545 0.18222078680992126 943
1750686976508 0.17525450885295868 944
1750687010421 0.1634765863418579 945
1750687023103 0.17985713481903076 946
1750687035499 0.16932973265647888 947
1750687043411 0.19232775270938873 948
1750687065265 0.18116438388824463 949
1750687074440 0.1789625734090805 950
1750687087549 0.16615092754364014 951
1750687095437 0.178510382771492 952
1750687125795 0.1829274296760559 953
1750687138557 0.16923174262046814 954
1750687151107 0.15137484669685364 955
1750687163859 0.17560823261737823 956
1750687189065 0.16266679763793945 957
1750687200964 0.18931546807289124 958
1750687212443 0.196869894862175 959
1750687225303 0.18329140543937683 960
1750687261508 0.19227442145347595 961
1750687274197 0.18794694542884827 962
1750687285380 0.1873956322669983 963
1750687293593 0.18438850343227386 964
1750687321569 0.18467824161052704 965
1750687334334 0.19586022198200226 966
1750687347144 0.18466956913471222 967
1750687359811 0.18629005551338196 968
1750687383087 0.1888076215982437 969
1750687396355 0.18829205632209778 970
1750687409124 0.16958685219287872 971
1750687421668 0.18809032440185547 972
1750687450887 0.20003262162208557 973
1750687463443 0.18097884953022003 974
1750687476036 0.20202487707138062 975
1750687489391 0.18304622173309326 976
1750687521359 0.1999308466911316 977
1750687530664 0.17199178040027618 978
1750687538470 0.18452276289463043 979
1750687546397 0.1936260610818863 980
1750687582293 0.1727433055639267 981
1750687595456 0.19134974479675293 982
1750687606985 0.19457468390464783 983
1750687619527 0.18246746063232422 984
1750687643132 0.17742083966732025 985
1750687655642 0.18395286798477173 986
1750687668300 0.21528005599975586 987
1750687680138 0.18167069554328918 988
1750687700570 0.18075208365917206 989
1750687708357 0.18188557028770447 990
1750687716130 0.16837555170059204 991
1750687723777 0.19450899958610535 992
1750687753383 0.2082284390926361 993
1750687760814 0.15404801070690155 994
1750687764005 0.19812309741973877 995
1750688141445 0.20329539477825165 996
1750688154108 0.16327828168869019 997
1750688166578 0.19217392802238464 998
1750688179209 0.20009377598762512 999
1750688201729 0.21060828864574432 1000
1750688216967 0.19309788942337036 1001
1750688229732 0.16899287700653076 1002
1750688242360 0.16961821913719177 1003
1750688262048 0.19182471930980682 1004
1750688275989 0.16682308912277222 1005
1750688288815 0.169889897108078 1006
1750688301629 0.1676480770111084 1007
1750688333860 0.17865779995918274 1008
1750688346464 0.18301014602184296 1009
1750688359028 0.1710839718580246 1010
1750688371683 0.17340724170207977 1011
1750688404452 0.19653379917144775 1012
1750688417221 0.18984325230121613 1013
1750688430322 0.18680088222026825 1014
1750688443074 0.1693190336227417 1015
1750688465066 0.18982096016407013 1016
1750688477818 0.2090495526790619 1017
1750688488188 0.1930006742477417 1018
1750688497586 0.17746394872665405 1019
1750688528359 0.1608286052942276 1020
1750688541065 0.17070090770721436 1021
1750688553634 0.17003637552261353 1022
1750688566226 0.19669649004936218 1023
1750688582373 0.17440234124660492 1024
1750688595231 0.17359919846057892 1025
1750688608267 0.1897941380739212 1026
1750688620379 0.18968002498149872 1027
1750688653406 0.17712557315826416 1028
1750688666176 0.18346145749092102 1029
1750688674026 0.1803189367055893 1030
1750688681865 0.1802961528301239 1031
1750688719174 0.17362985014915466 1032
1750688730855 0.1908825933933258 1033
1750688738777 0.1630941927433014 1034
1750688748480 0.18133512139320374 1035
1750688774448 0.18715804815292358 1036
1750688782256 0.17817912995815277 1037
1750688791605 0.1776205152273178 1038
1750688812561 0.1973036229610443 1039
1750688833453 0.16525860130786896 1040
1750688846016 0.17871466279029846 1041
1750688858707 0.1568342000246048 1042
1750688880757 0.16555479168891907 1043
1750688893378 0.1933346837759018 1044
1750688906256 0.18304428458213806 1045
1750688918866 0.16415242850780487 1046
1750688943970 0.1978774070739746 1047
1750688954949 0.172369122505188 1048
1750688965845 0.17387661337852478 1049
1750688973670 0.1869850605726242 1050
1750689007735 0.15541435778141022 1051
1750689020406 0.19123771786689758 1052
1750689029008 0.17127946019172668 1053
1750689036994 0.19658900797367096 1054
1750689074992 0.1897658109664917 1055
1750689087593 0.16794367134571075 1056
1750689098656 0.18591733276844025 1057
1750689106489 0.18821410834789276 1058
1750689140497 0.18472574651241302 1059
1750689153175 0.18383435904979706 1060
1750689165948 0.19638165831565857 1061
1750689178663 0.1778632551431656 1062
1750689196581 0.1830986738204956 1063
1750689209275 0.17612168192863464 1064
1750689219686 0.1611059457063675 1065
1750689227481 0.19320157170295715 1066
1750689258154 0.19098074734210968 1067
1750689270840 0.17445772886276245 1068
1750689283759 0.17961382865905762 1069
1750689298256 0.17181764543056488 1070
1750689313958 0.17052912712097168 1071
1750689322738 0.174790158867836 1072
1750689335341 0.18673507869243622 1073
1750689364366 0.17060193419456482 1074
1750689371921 0.18852469325065613 1075
1750689379250 0.20027652382850647 1076
1750689386552 0.19311749935150146 1077
1750689389745 0.15152427554130554 1078
1750689749413 0.16195639967918396 1079
1750689762004 0.1989527940750122 1080
1750689774373 0.17488208413124084 1081
1750689787315 0.18500903248786926 1082
1750689817769 0.19037863612174988 1083
1750689830379 0.19416126608848572 1084
1750689840827 0.15778061747550964 1085
1750689853554 0.18451407551765442 1086
1750689874853 0.18988564610481262 1087
1750689890514 0.19079695641994476 1088
1750689903188 0.16723638772964478 1089
1750689915793 0.173446923494339 1090
1750689931788 0.17181459069252014 1091
1750689949240 0.18107126653194427 1092
1750689961774 0.19597342610359192 1093
1750689974412 0.2061874270439148 1094
1750690002179 0.18353839218616486 1095
1750690014761 0.17641574144363403 1096
1750690027565 0.21188002824783325 1097
1750690040362 0.16462357342243195 1098
1750690062214 0.16895902156829834 1099
1750690074915 0.16960446536540985 1100
1750690087807 0.20945000648498535 1101
1750690100479 0.16832487285137177 1102
1750690119639 0.17340074479579926 1103
1750690134479 0.1877707988023758 1104
1750690147270 0.17080657184123993 1105
1750690155133 0.18822994828224182 1106
1750690187564 0.1707642525434494 1107
1750690200215 0.17162266373634338 1108
1750690212885 0.19669626653194427 1109
1750690222439 0.19852006435394287 1110
1750690247993 0.16662181913852692 1111
1750690260612 0.18806830048561096 1112
1750690273596 0.17993703484535217 1113
1750690286259 0.18698470294475555 1114
1750690311383 0.20095162093639374 1115
1750690324256 0.17227613925933838 1116
1750690336984 0.16338466107845306 1117
1750690349694 0.17485125362873077 1118
1750690380612 0.1901550143957138 1119
1750690389953 0.178073912858963 1120
1750690402561 0.17181499302387238 1121
1750690415176 0.18482331931591034 1122
1750690445429 0.18336479365825653 1123
1750690453356 0.1812884360551834 1124
1750690461317 0.18579532206058502 1125
1750690470998 0.16827607154846191 1126
1750690501914 0.19172365963459015 1127
1750690521555 0.17411619424819946 1128
1750690534180 0.19104301929473877 1129
1750690546730 0.19205960631370544 1130
1750690564268 0.16088372468948364 1131
1750690589782 0.16496014595031738 1132
1750690602541 0.1662001758813858 1133
1750690615249 0.1805538535118103 1134
1750690630845 0.19644001126289368 1135
1750690645119 0.15268638730049133 1136
1750690657030 0.16546502709388733 1137
1750690670271 0.17386755347251892 1138
1750690692749 0.15324339270591736 1139
1750690709983 0.16802340745925903 1140
1750690722871 0.192267045378685 1141
1750690735709 0.17786777019500732 1142
1750690757436 0.17288950085639954 1143
1750690771536 0.19243286550045013 1144
1750690784991 0.18357113003730774 1145
1750690798506 0.16712552309036255 1146
1750690828785 0.15414516627788544 1147
1750690838359 0.19154661893844604 1148
1750690847714 0.17553751170635223 1149
1750690860548 0.17665711045265198 1150
1750690886140 0.18888938426971436 1151
1750690898257 0.1708412617444992 1152
1750690906315 0.14409686625003815 1153
1750690914284 0.17518369853496552 1154
1750690944992 0.17933699488639832 1155
1750690955947 0.17707666754722595 1156
1750690963937 0.1900922656059265 1157
1750690971539 0.16823863983154297 1158
1750690996953 0.1879437416791916 1159
1750691007401 0.17684626579284668 1160
1750691010592 0.1739221066236496 1161
1750691387261 0.1765746921300888 1162
1750691400282 0.19138802587985992 1163
1750691412971 0.16045884788036346 1164
1750691425583 0.16744598746299744 1165
1750691450612 0.18166325986385345 1166
1750691463358 0.17284221947193146 1167
1750691475911 0.1738978773355484 1168
1750691488965 0.16294029355049133 1169
1750691509073 0.16497917473316193 1170
1750691528230 0.18509310483932495 1171
1750691540686 0.16381220519542694 1172
1750691553327 0.18832270801067352 1173
1750691582350 0.168091282248497 1174
1750691595082 0.1741807460784912 1175
1750691608177 0.18945792317390442 1176
1750691620789 0.1722644567489624 1177
1750691642059 0.169194757938385 1178
1750691654760 0.17617516219615936 1179
1750691667525 0.1951482594013214 1180
1750691680048 0.1644502878189087 1181
1750691693947 0.1648426502943039 1182
1750691701764 0.18694797158241272 1183
1750691714376 0.18951231241226196 1184
1750691722876 0.18013225495815277 1185
1750691761947 0.16533486545085907 1186
1750691774544 0.17990808188915253 1187
1750691787628 0.1852988600730896 1188
1750691800284 0.176118403673172 1189
1750691837770 0.17410455644130707 1190
1750691850531 0.1618887186050415 1191
1750691863122 0.18236775696277618 1192
1750691875534 0.16137783229351044 1193
1750691893612 0.1929876208305359 1194
1750691906279 0.16983309388160706 1195
1750691919176 0.16120284795761108 1196
1750691931702 0.18692047894001007 1197
1750691957333 0.1856520026922226 1198
1750691965851 0.17816804349422455 1199
1750691973855 0.15728092193603516 1200
1750691986570 0.195003479719162 1201
1750692012181 0.17657838761806488 1202
1750692024765 0.18890342116355896 1203
1750692037534 0.16302600502967834 1204
1750692050263 0.1960625797510147 1205
1750692072803 0.16381144523620605 1206
1750692085556 0.19985362887382507 1207
1750692098196 0.16904854774475098 1208
1750692110772 0.1717630922794342 1209
1750692132812 0.16649745404720306 1210
1750692145555 0.18175190687179565 1211
1750692158293 0.1689125895500183 1212
1750692171365 0.16592146456241608 1213
1750692197976 0.16365492343902588 1214
1750692210663 0.17958909273147583 1215
1750692223186 0.19096232950687408 1216
1750692233732 0.1964436173439026 1217
1750692261024 0.1718866527080536 1218
1750692274041 0.19066625833511353 1219
1750692286863 0.19805914163589478 1220
1750692299540 0.17864976823329926 1221
1750692326419 0.1774686574935913 1222
1750692338932 0.16765928268432617 1223
1750692351522 0.16095542907714844 1224
1750692364379 0.17280831933021545 1225
1750692389524 0.1877625733613968 1226
1750692399179 0.1932714879512787 1227
1750692407044 0.18136775493621826 1228
1750692419787 0.16872534155845642 1229
1750692453042 0.1694968044757843 1230
1750692466315 0.1821846067905426 1231
1750692474333 0.20403258502483368 1232
1750692482206 0.1831946223974228 1233
1750692514027 0.17297986149787903 1234
1750692526675 0.18608713150024414 1235
1750692539242 0.17972628772258759 1236
1750692551762 0.17384465038776398 1237
1750692564444 0.19002676010131836 1238
1750692572417 0.18718500435352325 1239
1750692590030 0.18160824477672577 1240
1750692598781 0.1858540028333664 1241
1750692618743 0.16240662336349487 1242
1750692626806 0.17410585284233093 1243
1750692630618 0.16777583956718445 1244
1750693012835 0.1556815654039383 1245
1750693025410 0.17347995936870575 1246
1750693038086 0.19290122389793396 1247
1750693050724 0.1758141666650772 1248
1750693078373 0.1858392059803009 1249
1750693091429 0.19910749793052673 1250
1750693104099 0.1798911690711975 1251
1750693116737 0.17372168600559235 1252
1750693145731 0.18668204545974731 1253
1750693158433 0.1790434569120407 1254
1750693171044 0.16832740604877472 1255
1750693183547 0.19157709181308746 1256
1750693217232 0.1750398874282837 1257
1750693226809 0.19262951612472534 1258
1750693234967 0.17564532160758972 1259
1750693242907 0.16421149671077728 1260
1750693271216 0.18596994876861572 1261
1750693283994 0.16967883706092834 1262
1750693296985 0.17302963137626648 1263
1750693309485 0.16183726489543915 1264
1750693327404 0.1512140929698944 1265
1750693339880 0.16221363842487335 1266
1750693352617 0.19512709975242615 1267
1750693365877 0.1720278263092041 1268
1750693382481 0.18875974416732788 1269
1750693395209 0.18165159225463867 1270
1750693408067 0.16201063990592957 1271
1750693420826 0.16882243752479553 1272
1750693453348 0.15587304532527924 1273
1750693466088 0.1781000941991806 1274
1750693479103 0.16439960896968842 1275
1750693491887 0.1538236141204834 1276
1750693508167 0.15817585587501526 1277
1750693525290 0.16525332629680634 1278
1750693537933 0.1822282075881958 1279
1750693550537 0.16097812354564667 1280
1750693564140 0.19446533918380737 1281
1750693588946 0.1823311746120453 1282
1750693601606 0.1707572191953659 1283
1750693614190 0.15073850750923157 1284
1750693631344 0.1680368185043335 1285
1750693656776 0.17318984866142273 1286
1750693669797 0.15924175083637238 1287
1750693682516 0.18095512688159943 1288
1750693695246 0.1732368916273117 1289
1750693726364 0.2020561546087265 1290
1750693734384 0.15948255360126495 1291
1750693742238 0.17859603464603424 1292
1750693754766 0.17876240611076355 1293
1750693787259 0.17967790365219116 1294
1750693799879 0.1947317123413086 1295
1750693812527 0.16693127155303955 1296
1750693825202 0.16891199350357056 1297
1750693849375 0.1757805347442627 1298
1750693862006 0.18229326605796814 1299
1750693875257 0.18927757441997528 1300
1750693887978 0.16820070147514343 1301
1750693917607 0.1719212532043457 1302
1750693925569 0.15208123624324799 1303
1750693933586 0.18313243985176086 1304
1750693941582 0.1956222653388977 1305
1750693976972 0.17744970321655273 1306
1750693989847 0.18264782428741455 1307
1750694002733 0.17204639315605164 1308
1750694015367 0.17314574122428894 1309
1750694039074 0.17777423560619354 1310
1750694051878 0.1824369579553604 1311
1750694064982 0.1904384195804596 1312
1750694077725 0.192537322640419 1313
1750694094283 0.17916055023670197 1314
1750694106933 0.1789657175540924 1315
1750694119589 0.1935671865940094 1316
1750694133776 0.16298918426036835 1317
1750694149051 0.17048279941082 1318
1750694161708 0.17282989621162415 1319
1750694172187 0.16887050867080688 1320
1750694191143 0.19158390164375305 1321
1750694207632 0.1787814348936081 1322
1750694215241 0.14876312017440796 1323
1750694223033 0.2008734792470932 1324
1750694240920 0.16194410622119904 1325
1750694260545 0.18473896384239197 1326
1750694263770 0.1980629563331604 1327
1750694641514 0.16088058054447174 1328
1750694649296 0.18611805140972137 1329
1750694657058 0.1853174865245819 1330
1750694665353 0.19602003693580627 1331
1750694695721 0.17128151655197144 1332
1750694716289 0.18025821447372437 1333
1750694728929 0.18591554462909698 1334
1750694741523 0.18298287689685822 1335
1750694757911 0.16944867372512817 1336
1750694772023 0.18116483092308044 1337
1750694783444 0.16771802306175232 1338
1750694795998 0.16929678618907928 1339
1750694820097 0.17885786294937134 1340
1750694838538 0.16371040046215057 1341
1750694851285 0.18201319873332977 1342
1750694864466 0.16820821166038513 1343
1750694876779 0.1712416112422943 1344
1750694903448 0.16756781935691833 1345
1750694916093 0.15916207432746887 1346
1750694925359 0.17390668392181396 1347
1750694954918 0.15865768492221832 1348
1750694966510 0.16199891269207 1349
1750694979111 0.16406762599945068 1350
1750694991819 0.18362373113632202 1351
1750695022851 0.16263577342033386 1352
1750695030881 0.1832101047039032 1353
1750695038816 0.1607879400253296 1354
1750695051996 0.1732967346906662 1355
1750695085086 0.17010411620140076 1356
1750695097628 0.18239109218120575 1357
1750695110447 0.16859379410743713 1358
1750695123368 0.17975832521915436 1359
1750695146488 0.16631758213043213 1360
1750695155634 0.1673654317855835 1361
1750695165567 0.15747985243797302 1362
1750695178362 0.17218279838562012 1363
1750695211793 0.16149406135082245 1364
1750695224705 0.17916655540466309 1365
1750695237493 0.18094868957996368 1366
1750695250290 0.18938788771629333 1367
1750695276186 0.17708125710487366 1368
1750695284128 0.18732677400112152 1369
1750695291960 0.1908765584230423 1370
1750695299902 0.16703583300113678 1371
1750695331991 0.18661507964134216 1372
1750695345030 0.1683420091867447 1373
1750695357995 0.16772088408470154 1374
1750695366811 0.17045609652996063 1375
1750695399948 0.1904819905757904 1376
1750695412969 0.1689620316028595 1377
1750695425825 0.16729700565338135 1378
1750695438624 0.16861042380332947 1379
1750695462681 0.17029382288455963 1380
1750695475494 0.1897438019514084 1381
1750695488220 0.17085343599319458 1382
1750695501019 0.18179172277450562 1383
1750695518120 0.1790144294500351 1384
1750695525837 0.1707811951637268 1385
1750695538076 0.18370743095874786 1386
1750695546243 0.1481691151857376 1387
1750695575223 0.17314894497394562 1388
1750695588028 0.18761113286018372 1389
1750695600444 0.17670242488384247 1390
1750695612967 0.18007071316242218 1391
1750695629984 0.16535185277462006 1392
1750695654568 0.15517854690551758 1393
1750695666454 0.17919892072677612 1394
1750695674346 0.16937138140201569 1395
1750695701874 0.17889660596847534 1396
1750695714485 0.17283384501934052 1397
1750695727722 0.18849651515483856 1398
1750695740630 0.16040678322315216 1399
1750695759550 0.19597384333610535 1400
1750695768017 0.18026360869407654 1401
1750695784597 0.16366177797317505 1402
1750695797274 0.145555779337883 1403
1750695820905 0.18111823499202728 1404
1750695837562 0.19684700667858124 1405
1750695845647 0.16981451213359833 1406
1750695853814 0.16117019951343536 1407
1750695875640 0.19704708456993103 1408
1750695888113 0.1844131350517273 1409
1750695891311 0.1387215405702591 1410
1750696262112 0.1587727814912796 1411
1750696274700 0.15313147008419037 1412
1750696287420 0.1752554029226303 1413
1750696300227 0.16272443532943726 1414
1750696322005 0.19104182720184326 1415
1750696335009 0.17652888596057892 1416
1750696346445 0.19227822124958038 1417
1750696356228 0.16710858047008514 1418
1750696381581 0.18324659764766693 1419
1750696399382 0.18769888579845428 1420
1750696412166 0.1965974122285843 1421
1750696424829 0.1831725835800171 1422
1750696441798 0.17602865397930145 1423
1750696464512 0.19627803564071655 1424
1750696477215 0.15283937752246857 1425
1750696488475 0.1831318587064743 1426
1750696501098 0.18166323006153107 1427
1750696524157 0.17234666645526886 1428
1750696536928 0.19259554147720337 1429
1750696549843 0.1773575395345688 1430
1750696562407 0.1735582947731018 1431
1750696590489 0.18179908394813538 1432
1750696603235 0.19116933643817902 1433
1750696615889 0.16647718846797943 1434
1750696623874 0.1752813756465912 1435
1750696650974 0.16883857548236847 1436
1750696663744 0.17821963131427765 1437
1750696676660 0.1790580004453659 1438
1750696691075 0.1716051697731018 1439
1750696706017 0.1767716109752655 1440
1750696717038 0.170119509100914 1441
1750696725370 0.16614143550395966 1442
1750696757391 0.14992108941078186 1443
1750696765197 0.16311174631118774 1444
1750696772992 0.16940119862556458 1445
1750696781124 0.15361857414245605 1446
1750696834478 0.16608592867851257 1447
1750696843993 0.17157672345638275 1448
1750696852179 0.15264464914798737 1449
1750696863064 0.19526708126068115 1450
1750696902650 0.190538227558136 1451
1750696915335 0.17247775197029114 1452
1750696927766 0.17071141302585602 1453
1750696939273 0.2047303318977356 1454
1750696959806 0.1790798455476761 1455
1750696972559 0.1702599972486496 1456
1750696985373 0.18341520428657532 1457
1750696998027 0.184164896607399 1458
1750697028507 0.17698048055171967 1459
1750697041316 0.17194844782352448 1460
1750697051843 0.15838709473609924 1461
1750697064649 0.175247922539711 1462
1750697096913 0.14626464247703552 1463
1750697109599 0.17934583127498627 1464
1750697122456 0.1660667210817337 1465
1750697135373 0.18146027624607086 1466
1750697155545 0.1631227731704712 1467
1750697168423 0.15742042660713196 1468
1750697180854 0.1719953566789627 1469
1750697193290 0.18387159705162048 1470
1750697211557 0.1648443639278412 1471
1750697224143 0.1711016595363617 1472
1750697237179 0.16806569695472717 1473
1750697250084 0.17778094112873077 1474
1750697270015 0.178165465593338 1475
1750697282784 0.1703244149684906 1476
1750697295526 0.15986397862434387 1477
1750697303574 0.16298237442970276 1478
1750697332029 0.18543967604637146 1479
1750697342468 0.17581450939178467 1480
1750697350560 0.162013977766037 1481
1750697363008 0.1601833701133728 1482
1750697391587 0.14768221974372864 1483
1750697411589 0.1743561327457428 1484
1750697419422 0.17486299574375153 1485
1750697429310 0.1724550426006317 1486
1750697449773 0.17698927223682404 1487
1750697471334 0.16860917210578918 1488
1750697478851 0.1632850170135498 1489
1750697486319 0.16354629397392273 1490
1750697502742 0.17768938839435577 1491
1750697522115 0.16904953122138977 1492
1750697525362 0.18910662829875946 1493
1750697890272 0.15624335408210754 1494
1750697899764 0.19477960467338562 1495
1750697912268 0.1803608238697052 1496
1750697924995 0.15327739715576172 1497
1750697952114 0.1769983023405075 1498
1750697968574 0.16263942420482635 1499
1750697982233 0.1745288223028183 1500
1750697995500 0.18229013681411743 1501
1750698025548 0.1718950718641281 1502
1750698038116 0.1735396385192871 1503
1750698047215 0.18236614763736725 1504
1750698055069 0.1509820967912674 1505
1750698079530 0.17197266221046448 1506
1750698093874 0.17792929708957672 1507
1750698106570 0.15755370259284973 1508
1750698119328 0.1873626559972763 1509
1750698136571 0.16202034056186676 1510
1750698157501 0.18458853662014008 1511
1750698170439 0.1853831708431244 1512
1750698183255 0.192943274974823 1513
1750698207463 0.14207340776920319 1514
1750698224168 0.16039396822452545 1515
1750698236856 0.18199403584003448 1516
1750698249550 0.17878508567810059 1517
1750698286115 0.189982607960701 1518
1750698295576 0.15681345760822296 1519
1750698306320 0.17811577022075653 1520
1750698319056 0.16470932960510254 1521
1750698354363 0.1842523217201233 1522
1750698367490 0.1662307232618332 1523
1750698375677 0.17418748140335083 1524
1750698386995 0.17238929867744446 1525
1750698419633 0.17917516827583313 1526
1750698429178 0.1773594319820404 1527
1750698437244 0.1626727283000946 1528
1750698445409 0.17828486859798431 1529
1750698474986 0.1718665361404419 1530
1750698486200 0.17265380918979645 1531
1750698496666 0.1766936182975769 1532
1750698506489 0.1766817718744278 1533
1750698549096 0.1718180924654007 1534
1750698560503 0.16323994100093842 1535
1750698568357 0.16558939218521118 1536
1750698580966 0.17705513536930084 1537
1750698615666 0.18615403771400452 1538
1750698628401 0.16748400032520294 1539
1750698637212 0.16276562213897705 1540
1750698645364 0.14898797869682312 1541
1750698674163 0.16229034960269928 1542
1750698686225 0.1690538227558136 1543
1750698696579 0.15596067905426025 1544
1750698709436 0.16991369426250458 1545
1750698740236 0.1818055957555771 1546
1750698750751 0.16306555271148682 1547
1750698763475 0.16812832653522491 1548
1750698775508 0.16590987145900726 1549
1750698794062 0.1678241342306137 1550
1750698802750 0.1908843070268631 1551
1750698815428 0.17998555302619934 1552
1750698823862 0.17012859880924225 1553
1750698864408 0.16035228967666626 1554
1750698877390 0.17426227033138275 1555
1750698890202 0.1559353470802307 1556
1750698902611 0.18550990521907806 1557
1750698924684 0.18044599890708923 1558
1750698934445 0.19733946025371552 1559
1750698946265 0.17160025238990784 1560
1750698954262 0.1639038473367691 1561
1750698983845 0.16424474120140076 1562
1750698993701 0.16048811376094818 1563
1750699005072 0.18246468901634216 1564
1750699013063 0.19360266625881195 1565
1750699046084 0.1684134602546692 1566
1750699058737 0.1716751605272293 1567
1750699071510 0.1821237951517105 1568
1750699081859 0.185246080160141 1569
1750699108719 0.15897725522518158 1570
1750699116742 0.15857647359371185 1571
1750699125543 0.1826811283826828 1572
1750699133243 0.1797422617673874 1573
1750699159054 0.19816550612449646 1574
1750699166281 0.1572348177433014 1575
1750699169542 0.17570224404335022 1576
1750699536720 0.1786688268184662 1577
1750699549455 0.1704781949520111 1578
1750699562473 0.164906844496727 1579
1750699575063 0.1659926027059555 1580
1750699591934 0.1706235706806183 1581
1750699607885 0.17824679613113403 1582
1750699620622 0.16849710047245026 1583
1750699633289 0.15973807871341705 1584
1750699644705 0.16596218943595886 1585
1750699670329 0.1718168407678604 1586
1750699683092 0.17370909452438354 1587
1750699692254 0.1772908866405487 1588
1750699708589 0.16002121567726135 1589
1750699732145 0.1690366417169571 1590
1750699740543 0.16801662743091583 1591
1750699748646 0.17441266775131226 1592
1750699784839 0.16579660773277283 1593
1750699797495 0.18457376956939697 1594
1750699810322 0.18030503392219543 1595
1750699823208 0.1735641360282898 1596
1750699846679 0.1819109320640564 1597
1750699860032 0.19060245156288147 1598
1750699871531 0.1775374710559845 1599
1750699879651 0.18862274289131165 1600
1750699913232 0.18148767948150635 1601
1750699929303 0.1671713888645172 1602
1750699942022 0.17700590193271637 1603
1750699954879 0.15408381819725037 1604
1750699968376 0.17467305064201355 1605
1750699993658 0.15301424264907837 1606
1750700001588 0.17307282984256744 1607
1750700014281 0.1825411170721054 1608
1750700028274 0.16202011704444885 1609
1750700054479 0.16811349987983704 1610
1750700067232 0.16105294227600098 1611
1750700080142 0.18065261840820312 1612
1750700089664 0.17259976267814636 1613
1750700110723 0.18718326091766357 1614
1750700123622 0.18248344957828522 1615
1750700136689 0.16251228749752045 1616
1750700157024 0.15215685963630676 1617
1750700166485 0.17327558994293213 1618
1750700186206 0.17214062809944153 1619
1750700194267 0.20427563786506653 1620
1750700216606 0.1508089005947113 1621
1750700240352 0.16380557417869568 1622
1750700248216 0.16644218564033508 1623
1750700257831 0.17056894302368164 1624
1750700280531 0.1777878999710083 1625
1750700308112 0.16617053747177124 1626
1750700320720 0.16996952891349792 1627
1750700332207 0.15408068895339966 1628
1750700345358 0.15976057946681976 1629
1750700369693 0.17219464480876923 1630
1750700382673 0.1626203954219818 1631
1750700392530 0.1623624861240387 1632
1750700401890 0.1686844527721405 1633
1750700432463 0.1558838188648224 1634
1750700449363 0.17734673619270325 1635
1750700462095 0.17326627671718597 1636
1750700474754 0.16192997992038727 1637
1750700484204 0.17111657559871674 1638
1750700515966 0.18082891404628754 1639
1750700528671 0.1763484925031662 1640
1750700541781 0.1729058474302292 1641
1750700554245 0.1797339916229248 1642
1750700583845 0.17923897504806519 1643
1750700596557 0.16815787553787231 1644
1750700609075 0.15409672260284424 1645
1750700621860 0.17758335173130035 1646
1750700640076 0.16123679280281067 1647
1750700649373 0.19106587767601013 1648
1750700662108 0.16223584115505219 1649
1750700677783 0.14937318861484528 1650
1750700711627 0.1780274659395218 1651
1750700724128 0.18820439279079437 1652
1750700737291 0.17606474459171295 1653
1750700745029 0.16387641429901123 1654
1750700768124 0.15804482996463776 1655
1750700775605 0.17722679674625397 1656
1750700783136 0.17288720607757568 1657
1750700790393 0.168171226978302 1658
1750700793584 0.17521008849143982 1659
