1750716085412 0.0 0
1750716093189 0.0 1
1750716101242 0.0 2
1750716109010 0.0 3
1750716161706 0.0 4
1750716174220 0.0 5
1750716185173 0.0 6
1750716193224 0.0 7
1750716232446 0.0 8
1750716244908 0.0 9
1750716253130 0.0 10
1750716265673 0.0 11
1750716288750 0.0 12
1750716301349 0.0 13
1750716314005 0.0 14
1750716322246 0.0 15
1750716356289 0.0 16
1750716368808 0.0 17
1750716381327 0.0 18
1750716394116 0.0 19
1750716412378 0.0 20
1750716424496 0.0 21
1750716436291 0.0 22
1750716448866 0.0 23
1750716484905 0.0 24
1750716493997 0.0 25
1750716502908 0.0 26
1750716511064 0.0 27
1750716540417 0.0 28
1750716548824 0.0 29
1750716554487 0.0 30
1750716817028 0.0 30
1750716962851 1.0 31
1750716978987 1.0 32
1750716994392 1.0 33
1750717010240 1.0 34
1750717097244 1.0 35
1750717114543 1.0 36
1750717128905 1.0 37
1750717143972 1.0 38
1750717233702 1.0 39
1750717250557 1.0 40
1750717265803 1.0 41
1750717282461 1.0 42
1750717368648 1.0 43
1750717386356 1.0 44
1750717401035 1.0 45
1750717418488 1.0 46
1750717507375 1.0 47
1750717524744 1.0 48
1750717539077 1.0 49
1750717555185 1.0 50
1750717639239 1.0 51
1750717656244 1.0 52
1750717671760 1.0 53
1750717687664 1.0 54
1750717747583 1.0 55
1750717760180 1.0 56
1750717772814 1.0 57
1750717785431 1.0 58
1750717859080 1.0 59
1750717877907 1.0 60
1750717887154 1.0 61
1750718152272 1.0 61
1750718295953 2.0 62
1750718312509 2.0 63
1750718327870 2.0 64
1750718342528 2.0 65
1750718430848 2.0 66
1750718447034 2.0 67
1750718461685 2.0 68
1750718477024 2.0 69
1750718563061 2.0 70
1750718579823 2.0 71
1750718595294 2.0 72
1750718610107 2.0 73
1750718697461 2.0 74
1750718714652 2.0 75
1750718730730 2.0 76
1750718746260 2.0 77
1750718830114 2.0 78
1750718846524 2.0 79
1750718863143 2.0 80
1750718878129 2.0 81
1750718942067 2.0 82
1750718956115 2.0 83
1750718971685 2.0 84
1750718986284 2.0 85
1750719074260 2.0 86
1750719088418 2.0 87
1750719101015 2.0 88
1750719113577 2.0 89
1750719171982 2.0 90
1750719181420 2.0 91
1750719190156 2.0 92
1750719463981 2.0 92
1750719607155 3.0 93
1750719621524 3.0 94
1750719637252 3.0 95
1750719653349 3.0 96
1750719743949 3.0 97
1750719758456 3.0 98
1750719774480 3.0 99
1750719790001 3.0 100
1750719879186 3.0 101
1750719894254 3.0 102
1750719909747 3.0 103
1750719926004 3.0 104
1750720014844 3.0 105
1750720028765 3.0 106
1750720044861 3.0 107
1750720060612 3.0 108
1750720143345 3.0 109
1750720153835 3.0 110
1750720161910 3.0 111
1750720170251 3.0 112
1750720263976 3.0 113
1750720279504 3.0 114
1750720294022 3.0 115
1750720309652 3.0 116
1750720394226 3.0 117
1750720407072 3.0 118
1750720420076 3.0 119
1750720429922 3.0 120
1750720485440 3.0 121
1750720499547 3.0 122
1750720506071 3.0 123
1750720776316 3.0 123
1750720921528 4.0 124
1750720937026 4.0 125
1750720955527 4.0 126
1750720971356 4.0 127
1750721056556 4.0 128
1750721071971 4.0 129
1750721089505 4.0 130
1750721105452 4.0 131
1750721190454 4.0 132
1750721205060 4.0 133
1750721222916 4.0 134
1750721237539 4.0 135
1750721324545 4.0 136
1750721339710 4.0 137
1750721354712 4.0 138
1750721368681 4.0 139
1750721439356 4.0 140
1750721453791 4.0 141
1750721471156 4.0 142
1750721487832 4.0 143
1750721569384 4.0 144
1750721584472 4.0 145
1750721601819 4.0 146
1750721615585 4.0 147
1750721686854 4.0 148
1750721699911 4.0 149
1750721713608 4.0 150
1750721729556 4.0 151
1750721793153 4.0 152
1750721801217 4.0 153
1750721807702 4.0 154
1750722080242 4.0 154
1750722227088 5.0 155
1750722243249 5.0 156
1750722260660 5.0 157
1750722274722 5.0 158
1750722360121 5.0 159
1750722377323 5.0 160
1750722394826 5.0 161
1750722410028 5.0 162
1750722500715 5.0 163
1750722518766 5.0 164
1750722535076 5.0 165
1750722549700 5.0 166
1750722630472 5.0 167
1750722646079 5.0 168
1750722661327 5.0 169
1750722677040 5.0 170
1750722762599 5.0 171
1750722777189 5.0 172
1750722792313 5.0 173
1750722808668 5.0 174
1750722874470 5.0 175
1750722889228 5.0 176
1750722903312 5.0 177
1750722918436 5.0 178
1750723001202 5.0 179
1750723015748 5.0 180
1750723031447 5.0 181
1750723045723 5.0 182
1750723108958 5.0 183
1750723122564 5.0 184
1750723132434 5.0 185
1750723404794 5.0 185
1750723546543 6.0 186
1750723563519 6.0 187
1750723579689 6.0 188
1750723594353 6.0 189
1750723677516 6.0 190
1750723695591 6.0 191
1750723712454 6.0 192
1750723727571 6.0 193
1750723807803 6.0 194
1750723819387 6.0 195
1750723832449 6.0 196
1750723845162 6.0 197
1750723926690 6.0 198
1750723943128 6.0 199
1750723957760 6.0 200
1750723972732 6.0 201
1750724061802 6.0 202
1750724074852 6.0 203
1750724087998 6.0 204
1750724101364 6.0 205
1750724178350 6.0 206
1750724195299 6.0 207
1750724212209 6.0 208
1750724226792 6.0 209
1750724311177 6.0 210
1750724326528 6.0 211
1750724341774 6.0 212
1750724354772 6.0 213
1750724416906 6.0 214
1750724425346 6.0 215
1750724432317 6.0 216
1750724695520 6.0 216
1750724839432 7.0 217
1750724854456 7.0 218
1750724870848 7.0 219
1750724887088 7.0 220
1750724974260 7.0 221
1750724989135 7.0 222
1750725004544 7.0 223
1750725022060 7.0 224
1750725099323 7.0 225
1750725113726 7.0 226
1750725128334 7.0 227
1750725143984 7.0 228
1750725229509 7.0 229
1750725244100 7.0 230
1750725258884 7.0 231
1750725275428 7.0 232
1750725353272 7.0 233
1750725369207 7.0 234
1750725383691 7.0 235
1750725398126 7.0 236
1750725486949 7.0 237
1750725504081 7.0 238
1750725518520 7.0 239
1750725533580 7.0 240
1750725620584 7.0 241
1750725634094 7.0 242
1750725647022 7.0 243
1750725661254 7.0 244
1750725736284 7.0 245
1750725749905 7.0 246
1750725755195 7.0 247
1750726018136 7.0 247
1750726163213 8.0 248
1750726178668 8.0 249
1750726193646 8.0 250
1750726207887 8.0 251
1750726270880 8.0 252
1750726295009 8.0 253
1750726310052 8.0 254
1750726324835 8.0 255
1750726392334 8.0 256
1750726418072 8.0 257
1750726434359 8.0 258
1750726451772 8.0 259
1750726520466 8.0 260
1750726541956 8.0 261
1750726555421 8.0 262
1750726570810 8.0 263
1750726644484 8.0 264
1750726661355 8.0 265
1750726675733 8.0 266
1750726690856 8.0 267
1750726777812 8.0 268
1750726795368 8.0 269
1750726809373 8.0 270
1750726824448 8.0 271
1750726907312 8.0 272
1750726931477 8.0 273
1750726944630 8.0 274
1750726957405 8.0 275
1750727017150 8.0 276
1750727050073 8.0 277
1750727059836 8.0 278
1750727329156 8.0 278
1750727469784 9.0 279
1750727483980 9.0 280
1750727496872 9.0 281
1750727506171 9.0 282
1750727556974 9.0 283
1750727572416 9.0 284
1750727588256 9.0 285
1750727603754 9.0 286
1750727689204 9.0 287
1750727704476 9.0 288
1750727719656 9.0 289
1750727735117 9.0 290
1750727804247 9.0 291
1750727820520 9.0 292
1750727847774 9.0 293
1750727864463 9.0 294
1750727938188 9.0 295
1750727955368 9.0 296
1750727984654 9.0 297
1750728001928 9.0 298
1750728074618 9.0 299
1750728091445 9.0 300
1750728120948 9.0 301
1750728137765 9.0 302
1750728211976 9.0 303
1750728228023 9.0 304
1750728255713 9.0 305
1750728270801 9.0 306
1750728327549 9.0 307
1750728346704 9.0 308
1750728355995 9.0 309
1750728630956 9.0 309
1750728761709 10.0 310
1750728776648 10.0 311
1750728791463 10.0 312
1750728805996 10.0 313
1750728891545 10.0 314
1750728908594 10.0 315
1750728923598 10.0 316
1750728938291 10.0 317
1750729016881 10.0 318
1750729031340 10.0 319
1750729046544 10.0 320
1750729060846 10.0 321
1750729146856 10.0 322
1750729162755 10.0 323
1750729180465 10.0 324
1750729196893 10.0 325
1750729286236 10.0 326
1750729303476 10.0 327
1750729320888 10.0 328
1750729335981 10.0 329
1750729427132 10.0 330
1750729444527 10.0 331
1750729461588 10.0 332
1750729477001 10.0 333
1750729563096 10.0 334
1750729579460 10.0 335
1750729594010 10.0 336
1750729607547 10.0 337
1750729662116 10.0 338
1750729676549 10.0 339
1750729686320 10.0 340
1750729942023 10.0 340
1750730044588 11.0 341
1750730059531 11.0 342
1750730080492 11.0 343
1750730095717 11.0 344
1750730177260 11.0 345
1750730193123 11.0 346
1750730210369 11.0 347
1750730223644 11.0 348
1750730278429 11.0 349
1750730293079 11.0 350
1750730320184 11.0 351
1750730337636 11.0 352
1750730416585 11.0 353
1750730431432 11.0 354
1750730457024 11.0 355
1750730474236 11.0 356
1750730555337 11.0 357
1750730570574 11.0 358
1750730596911 11.0 359
1750730614155 11.0 360
1750730695459 11.0 361
1750730710208 11.0 362
1750730733921 11.0 363
1750730751439 11.0 364
1750730833289 11.0 365
1750730848174 11.0 366
1750730866959 11.0 367
1750730882005 11.0 368
1750730953616 11.0 369
1750730966845 11.0 370
1750730975794 11.0 371
1750731236009 11.0 371
1750731375018 12.0 372
1750731391164 12.0 373
1750731406493 12.0 374
1750731421024 12.0 375
1750731496985 12.0 376
1750731511236 12.0 377
1750731524828 12.0 378
1750731540257 12.0 379
1750731629371 12.0 380
1750731646992 12.0 381
1750731663497 12.0 382
1750731678113 12.0 383
1750731762996 12.0 384
1750731780400 12.0 385
1750731797288 12.0 386
1750731812451 12.0 387
1750731901032 12.0 388
1750731918427 12.0 389
1750731936118 12.0 390
1750731948964 12.0 391
1750732037386 12.0 392
1750732054579 12.0 393
1750732072320 12.0 394
1750732087368 12.0 395
1750732172011 12.0 396
1750732187892 12.0 397
1750732203703 12.0 398
1750732216489 12.0 399
1750732293821 12.0 400
1750732308064 12.0 401
1750732317246 12.0 402
1750732570457 12.0 402
1750732687597 13.0 403
1750732700980 13.0 404
1750732713986 13.0 405
1750732728311 13.0 406
1750732797191 13.0 407
1750732814154 13.0 408
1750732828926 13.0 409
1750732843813 13.0 410
1750732932708 13.0 411
1750732950096 13.0 412
1750732964700 13.0 413
1750732980081 13.0 414
1750733068080 13.0 415
1750733084878 13.0 416
1750733099665 13.0 417
1750733114929 13.0 418
1750733203944 13.0 419
1750733221798 13.0 420
1750733237703 13.0 421
1750733251681 13.0 422
1750733339989 13.0 423
1750733356957 13.0 424
1750733371373 13.0 425
1750733386237 13.0 426
1750733473186 13.0 427
1750733492132 13.0 428
1750733505159 13.0 429
1750733518275 13.0 430
1750733586084 13.0 431
1750733602198 13.0 432
1750733608140 13.0 433
1750733837109 13.0 433
1750733963730 14.0 434
1750733978888 14.0 435
1750733993579 14.0 436
1750734008456 14.0 437
1750734087488 14.0 438
1750734109464 14.0 439
1750734126675 14.0 440
1750734141815 14.0 441
1750734226117 14.0 442
1750734247126 14.0 443
1750734264048 14.0 444
1750734279041 14.0 445
1750734363774 14.0 446
1750734383150 14.0 447
1750734399707 14.0 448
1750734414753 14.0 449
1750734499984 14.0 450
1750734520545 14.0 451
1750734537303 14.0 452
1750734551417 14.0 453
1750734639157 14.0 454
1750734656388 14.0 455
1750734672372 14.0 456
1750734686574 14.0 457
1750734776197 14.0 458
1750734792080 14.0 459
1750734805900 14.0 460
1750734818947 14.0 461
1750734890249 14.0 462
1750734902209 14.0 463
1750734908322 14.0 464
1750735159401 14.0 464
1750735293736 15.0 465
1750735309834 15.0 466
1750735326573 15.0 467
1750735344464 15.0 468
1750735435020 15.0 469
1750735452405 15.0 470
1750735470759 15.0 471
1750735486507 15.0 472
1750735569848 15.0 473
1750735586188 15.0 474
1750735603144 15.0 475
1750735619577 15.0 476
1750735704431 15.0 477
1750735719668 15.0 478
1750735737055 15.0 479
1750735753588 15.0 480
1750735838507 15.0 481
1750735852456 15.0 482
1750735870146 15.0 483
1750735888004 15.0 484
1750735970180 15.0 485
1750735985164 15.0 486
1750736001095 15.0 487
1750736018279 15.0 488
1750736101205 15.0 489
1750736114446 15.0 490
1750736128102 15.0 491
1750736144053 15.0 492
1750736196549 15.0 493
1750736204213 15.0 494
1750736209444 15.0 495
1750736461108 15.0 495
1750736600736 16.0 496
1750736616761 16.0 497
1750736633374 16.0 498
1750736650982 16.0 499
1750736734356 16.0 500
1750736748594 16.0 501
1750736764875 16.0 502
1750736781691 16.0 503
1750736870359 16.0 504
1750736885244 16.0 505
1750736901052 16.0 506
1750736918205 16.0 507
1750737004228 16.0 508
1750737018764 16.0 509
1750737034273 16.0 510
1750737051208 16.0 511
1750737138689 16.0 512
1750737152827 16.0 513
1750737169256 16.0 514
1750737186252 16.0 515
1750737275093 16.0 516
1750737291968 16.0 517
1750737309111 16.0 518
1750737325807 16.0 519
1750737413017 16.0 520
1750737426214 16.0 521
1750737440350 16.0 522
1750737453246 16.0 523
1750737506437 16.0 524
1750737517876 16.0 525
1750737527221 16.0 526
1750737777316 16.0 526
1750737921440 17.0 527
1750737936259 17.0 528
1750737952506 17.0 529
1750737969192 17.0 530
1750738055747 17.0 531
1750738072451 17.0 532
1750738089035 17.0 533
1750738105713 17.0 534
1750738193004 17.0 535
1750738209780 17.0 536
1750738224952 17.0 537
1750738241397 17.0 538
1750738333392 17.0 539
1750738349972 17.0 540
1750738366025 17.0 541
1750738382356 17.0 542
1750738472972 17.0 543
1750738488652 17.0 544
1750738506875 17.0 545
1750738522808 17.0 546
1750738610773 17.0 547
1750738625746 17.0 548
1750738641999 17.0 549
1750738657751 17.0 550
1750738715123 17.0 551
1750738726946 17.0 552
1750738739757 17.0 553
1750738754278 17.0 554
1750738802765 17.0 555
1750738816294 17.0 556
1750738825431 17.0 557
1750739061337 17.0 557
1750739203160 18.0 558
1750739220250 18.0 559
1750739236256 18.0 560
1750739250736 18.0 561
1750739333462 18.0 562
1750739350616 18.0 563
1750739367116 18.0 564
1750739381682 18.0 565
1750739467479 18.0 566
1750739483556 18.0 567
1750739500419 18.0 568
1750739515216 18.0 569
1750739605549 18.0 570
1750739622421 18.0 571
1750739639656 18.0 572
1750739654237 18.0 573
1750739742592 18.0 574
1750739759840 18.0 575
1750739776116 18.0 576
1750739791257 18.0 577
1750739877315 18.0 578
1750739894648 18.0 579
1750739910927 18.0 580
1750739924702 18.0 581
1750739974459 18.0 582
1750739986914 18.0 583
1750739999503 18.0 584
1750740012597 18.0 585
1750740077840 18.0 586
1750740098599 18.0 587
1750740107866 18.0 588
1750740349151 18.0 588
1750740492875 19.0 589
1750740509207 19.0 590
1750740526115 19.0 591
1750740541704 19.0 592
1750740626354 19.0 593
1750740642780 19.0 594
1750740659202 19.0 595
1750740675878 19.0 596
1750740761405 19.0 597
1750740777369 19.0 598
1750740793068 19.0 599
1750740810057 19.0 600
1750740899994 19.0 601
1750740916167 19.0 602
1750740932392 19.0 603
1750740948931 19.0 604
1750741036204 19.0 605
1750741052743 19.0 606
1750741067788 19.0 607
1750741085104 19.0 608
1750741169727 19.0 609
1750741185539 19.0 610
1750741201611 19.0 611
1750741216258 19.0 612
1750741295572 19.0 613
1750741311318 19.0 614
1750741325419 19.0 615
1750741339569 19.0 616
1750741404822 19.0 617
1750741412526 19.0 618
1750741418308 19.0 619
1750741545092 19.0 619
