1750716085412 0.2811058461666107 0
1750716093189 0.2716703414916992 1
1750716101242 0.2603802978992462 2
1750716109010 0.2553679347038269 3
1750716161706 0.24873660504817963 4
1750716174220 0.2410580813884735 5
1750716185173 0.25242090225219727 6
1750716193224 0.2355537861585617 7
1750716232446 0.23200394213199615 8
1750716244908 0.23898370563983917 9
1750716253130 0.22675029933452606 10
1750716265673 0.23173928260803223 11
1750716288750 0.22677244246006012 12
1750716301349 0.210777148604393 13
1750716314005 0.20323215425014496 14
1750716322246 0.20588868856430054 15
1750716356289 0.19730055332183838 16
1750716368808 0.1926039457321167 17
1750716381327 0.18530364334583282 18
1750716394116 0.1984402984380722 19
1750716412378 0.1916998326778412 20
1750716424496 0.19760702550411224 21
1750716436291 0.203959122300148 22
1750716448866 0.19367507100105286 23
1750716484905 0.19117394089698792 24
1750716493997 0.19351860880851746 25
1750716502908 0.1916138380765915 26
1750716511064 0.1959945410490036 27
1750716540417 0.18709640204906464 28
1750716548824 0.19860920310020447 29
1750716554487 0.18544937670230865 30
1750716962851 0.1796911060810089 31
1750716978987 0.1930849850177765 32
1750716994392 0.19011762738227844 33
1750717010240 0.18755552172660828 34
1750717097244 0.20102544128894806 35
1750717114543 0.18830791115760803 36
1750717128905 0.18163920938968658 37
1750717143972 0.19134514033794403 38
1750717233702 0.19348907470703125 39
1750717250557 0.18422050774097443 40
1750717265803 0.1898043155670166 41
1750717282461 0.19480688869953156 42
1750717368648 0.17961657047271729 43
1750717386356 0.19860364496707916 44
1750717401035 0.19114002585411072 45
1750717418488 0.18452893197536469 46
1750717507375 0.18492643535137177 47
1750717524744 0.1936543732881546 48
1750717539077 0.19248010218143463 49
1750717555185 0.1873292773962021 50
1750717639239 0.19220376014709473 51
1750717656244 0.1820271909236908 52
1750717671760 0.1866987943649292 53
1750717687664 0.18581505119800568 54
1750717747583 0.18506097793579102 55
1750717760180 0.1903454214334488 56
1750717772814 0.1877276450395584 57
1750717785431 0.1890779435634613 58
1750717859080 0.1816427856683731 59
1750717877907 0.1845056712627411 60
1750717887154 0.17977029085159302 61
1750718295953 0.18783259391784668 62
1750718312509 0.19478867948055267 63
1750718327870 0.18251539766788483 64
1750718342528 0.18314184248447418 65
1750718430848 0.18324318528175354 66
1750718447034 0.1827416568994522 67
1750718461685 0.18231554329395294 68
1750718477024 0.17780622839927673 69
1750718563061 0.19092361629009247 70
1750718579823 0.18554644286632538 71
1750718595294 0.19184473156929016 72
1750718610107 0.18624264001846313 73
1750718697461 0.19576048851013184 74
1750718714652 0.1856032758951187 75
1750718730730 0.1959361881017685 76
1750718746260 0.18746072053909302 77
1750718830114 0.18582510948181152 78
1750718846524 0.19074471294879913 79
1750718863143 0.18875718116760254 80
1750718878129 0.18388731777668 81
1750718942067 0.18364834785461426 82
1750718956115 0.1987910121679306 83
1750718971685 0.18466143310070038 84
1750718986284 0.1911306083202362 85
1750719074260 0.1943075954914093 86
1750719088418 0.19023270905017853 87
1750719101015 0.178580641746521 88
1750719113577 0.18807104229927063 89
1750719171982 0.1918431520462036 90
1750719181420 0.17859086394309998 91
1750719190156 0.17698286473751068 92
1750719607155 0.18434301018714905 93
1750719621524 0.19146759808063507 94
1750719637252 0.188717782497406 95
1750719653349 0.19003233313560486 96
1750719743949 0.18645989894866943 97
1750719758456 0.1804649531841278 98
1750719774480 0.19457805156707764 99
1750719790001 0.19659918546676636 100
1750719879186 0.1797013133764267 101
1750719894254 0.1850595623254776 102
1750719909747 0.19207143783569336 103
1750719926004 0.18743611872196198 104
1750720014844 0.18764647841453552 105
1750720028765 0.1849449723958969 106
1750720044861 0.18221329152584076 107
1750720060612 0.1902000904083252 108
1750720143345 0.19120918214321136 109
1750720153835 0.18503282964229584 110
1750720161910 0.18526862561702728 111
1750720170251 0.17927522957324982 112
1750720263976 0.18543381989002228 113
1750720279504 0.18023473024368286 114
1750720294022 0.18730773031711578 115
1750720309652 0.19545051455497742 116
1750720394226 0.18278226256370544 117
1750720407072 0.17628976702690125 118
1750720420076 0.18440499901771545 119
1750720429922 0.1890827864408493 120
1750720485440 0.18688617646694183 121
1750720499547 0.18915332853794098 122
1750720506071 0.18102464079856873 123
1750720921528 0.18886737525463104 124
1750720937026 0.18179266154766083 125
1750720955527 0.19231268763542175 126
1750720971356 0.18181830644607544 127
1750721056556 0.18214675784111023 128
1750721071971 0.17455637454986572 129
1750721089505 0.1914561241865158 130
1750721105452 0.18607434630393982 131
1750721190454 0.18603335320949554 132
1750721205060 0.18649280071258545 133
1750721222916 0.17917780578136444 134
1750721237539 0.17924892902374268 135
1750721324545 0.1917572170495987 136
1750721339710 0.1854349821805954 137
1750721354712 0.17475607991218567 138
1750721368681 0.18341180682182312 139
1750721439356 0.18179601430892944 140
1750721453791 0.1913905143737793 141
1750721471156 0.1798810064792633 142
1750721487832 0.1891794055700302 143
1750721569384 0.18983310461044312 144
1750721584472 0.19188368320465088 145
1750721601819 0.19009235501289368 146
1750721615585 0.1814480423927307 147
1750721686854 0.19448351860046387 148
1750721699911 0.19531556963920593 149
1750721713608 0.19012145698070526 150
1750721729556 0.1915564090013504 151
1750721793153 0.19029809534549713 152
1750721801217 0.17715172469615936 153
1750721807702 0.1852836310863495 154
1750722227088 0.1764695793390274 155
1750722243249 0.18253564834594727 156
1750722260660 0.1869213581085205 157
1750722274722 0.18394578993320465 158
1750722360121 0.189932182431221 159
1750722377323 0.18900710344314575 160
1750722394826 0.19194725155830383 161
1750722410028 0.1873166263103485 162
1750722500715 0.1810513138771057 163
1750722518766 0.18480969965457916 164
1750722535076 0.18147829174995422 165
1750722549700 0.19387800991535187 166
1750722630472 0.18467533588409424 167
1750722646079 0.18537889420986176 168
1750722661327 0.18597254157066345 169
1750722677040 0.19006532430648804 170
1750722762599 0.19234305620193481 171
1750722777189 0.18907852470874786 172
1750722792313 0.19177371263504028 173
1750722808668 0.18687057495117188 174
1750722874470 0.1808432936668396 175
1750722889228 0.18825727701187134 176
1750722903312 0.1785811334848404 177
1750722918436 0.17986354231834412 178
1750723001202 0.18947044014930725 179
1750723015748 0.19427433609962463 180
1750723031447 0.17733512818813324 181
1750723045723 0.18476757407188416 182
1750723108958 0.18147890269756317 183
1750723122564 0.1840897500514984 184
1750723132434 0.17884793877601624 185
1750723546543 0.19402049481868744 186
1750723563519 0.18472498655319214 187
1750723579689 0.18456034362316132 188
1750723594353 0.18907363712787628 189
1750723677516 0.1761130392551422 190
1750723695591 0.18420562148094177 191
1750723712454 0.18785786628723145 192
1750723727571 0.19587492942810059 193
1750723807803 0.18192103505134583 194
1750723819387 0.1890469342470169 195
1750723832449 0.18540292978286743 196
1750723845162 0.1927785873413086 197
1750723926690 0.1799759864807129 198
1750723943128 0.18732783198356628 199
1750723957760 0.18444092571735382 200
1750723972732 0.1931716799736023 201
1750724061802 0.17782729864120483 202
1750724074852 0.19065366685390472 203
1750724087998 0.17791087925434113 204
1750724101364 0.1825825572013855 205
1750724178350 0.18766756355762482 206
1750724195299 0.18680766224861145 207
1750724212209 0.19168983399868011 208
1750724226792 0.17832182347774506 209
1750724311177 0.1906992644071579 210
1750724326528 0.1891232281923294 211
1750724341774 0.1795569360256195 212
1750724354772 0.17957803606987 213
1750724416906 0.1790682077407837 214
1750724425346 0.18517731130123138 215
1750724432317 0.1737976223230362 216
1750724839432 0.18637534976005554 217
1750724854456 0.18719395995140076 218
1750724870848 0.18618567287921906 219
1750724887088 0.17966313660144806 220
1750724974260 0.1770821362733841 221
1750724989135 0.19138197600841522 222
1750725004544 0.18468043208122253 223
1750725022060 0.18544244766235352 224
1750725099323 0.18771159648895264 225
1750725113726 0.18498949706554413 226
1750725128334 0.176522895693779 227
1750725143984 0.17485320568084717 228
1750725229509 0.18593686819076538 229
1750725244100 0.18980708718299866 230
1750725258884 0.1765904426574707 231
1750725275428 0.19385521113872528 232
1750725353272 0.18766827881336212 233
1750725369207 0.18801099061965942 234
1750725383691 0.1885233074426651 235
1750725398126 0.18815413117408752 236
1750725486949 0.18285275995731354 237
1750725504081 0.1911255121231079 238
1750725518520 0.18207359313964844 239
1750725533580 0.19264361262321472 240
1750725620584 0.1779477298259735 241
1750725634094 0.18645931780338287 242
1750725647022 0.1866241693496704 243
1750725661254 0.1814216673374176 244
1750725736284 0.18262241780757904 245
1750725749905 0.19366957247257233 246
1750725755195 0.17552833259105682 247
1750726163213 0.18450382351875305 248
1750726178668 0.17959736287593842 249
1750726193646 0.18279854953289032 250
1750726207887 0.18378488719463348 251
1750726270880 0.18446552753448486 252
1750726295009 0.18647845089435577 253
1750726310052 0.18256698548793793 254
1750726324835 0.1873963475227356 255
1750726392334 0.1823885142803192 256
1750726418072 0.192858025431633 257
1750726434359 0.19317001104354858 258
1750726451772 0.18172582983970642 259
1750726520466 0.1799304485321045 260
1750726541956 0.17638276517391205 261
1750726555421 0.19509261846542358 262
1750726570810 0.17908231914043427 263
1750726644484 0.1830572485923767 264
1750726661355 0.18145345151424408 265
1750726675733 0.188322514295578 266
1750726690856 0.18860791623592377 267
1750726777812 0.18207275867462158 268
1750726795368 0.1830078661441803 269
1750726809373 0.18456049263477325 270
1750726824448 0.1895371377468109 271
1750726907312 0.19107387959957123 272
1750726931477 0.18180052936077118 273
1750726944630 0.1922636777162552 274
1750726957405 0.1842264086008072 275
1750727017150 0.184120774269104 276
1750727050073 0.17616964876651764 277
1750727059836 0.1909611076116562 278
1750727469784 0.1947307288646698 279
1750727483980 0.18340234458446503 280
1750727496872 0.18699410557746887 281
1750727506171 0.19612930715084076 282
1750727556974 0.19112733006477356 283
1750727572416 0.1796494871377945 284
1750727588256 0.18557226657867432 285
1750727603754 0.17692355811595917 286
1750727689204 0.18924498558044434 287
1750727704476 0.18833978474140167 288
1750727719656 0.1858668029308319 289
1750727735117 0.18342258036136627 290
1750727804247 0.19358336925506592 291
1750727820520 0.1828182339668274 292
1750727847774 0.18066734075546265 293
1750727864463 0.18090173602104187 294
1750727938188 0.18260565400123596 295
1750727955368 0.18550506234169006 296
1750727984654 0.18897753953933716 297
1750728001928 0.1906547248363495 298
1750728074618 0.18752267956733704 299
1750728091445 0.19053545594215393 300
1750728120948 0.1741393804550171 301
1750728137765 0.17825119197368622 302
1750728211976 0.18983575701713562 303
1750728228023 0.17641255259513855 304
1750728255713 0.18722544610500336 305
1750728270801 0.19040727615356445 306
1750728327549 0.1722174435853958 307
1750728346704 0.17697671055793762 308
1750728355995 0.16927126049995422 309
1750728761709 0.18108884990215302 310
1750728776648 0.1907760500907898 311
1750728791463 0.17222927510738373 312
1750728805996 0.18438993394374847 313
1750728891545 0.19030512869358063 314
1750728908594 0.18091660737991333 315
1750728923598 0.18686693906784058 316
1750728938291 0.17213839292526245 317
1750729016881 0.18474778532981873 318
1750729031340 0.19373449683189392 319
1750729046544 0.19240376353263855 320
1750729060846 0.1836930811405182 321
1750729146856 0.18173466622829437 322
1750729162755 0.18540088832378387 323
1750729180465 0.18188688158988953 324
1750729196893 0.1842726469039917 325
1750729286236 0.1883724182844162 326
1750729303476 0.18547597527503967 327
1750729320888 0.1961260885000229 328
1750729335981 0.18073704838752747 329
1750729427132 0.18529042601585388 330
1750729444527 0.19202546775341034 331
1750729461588 0.18546880781650543 332
1750729477001 0.1874997913837433 333
1750729563096 0.1811971664428711 334
1750729579460 0.1887505203485489 335
1750729594010 0.18144485354423523 336
1750729607547 0.18212559819221497 337
1750729662116 0.18123705685138702 338
1750729676549 0.18410369753837585 339
1750729686320 0.18232959508895874 340
1750730044588 0.18807557225227356 341
1750730059531 0.19294120371341705 342
1750730080492 0.18356160819530487 343
1750730095717 0.18290679156780243 344
1750730177260 0.1902495175600052 345
1750730193123 0.1850941926240921 346
1750730210369 0.18642310798168182 347
1750730223644 0.18459606170654297 348
1750730278429 0.1801513433456421 349
1750730293079 0.18370145559310913 350
1750730320184 0.18527477979660034 351
1750730337636 0.18232327699661255 352
1750730416585 0.18618179857730865 353
1750730431432 0.182133749127388 354
1750730457024 0.17912480235099792 355
1750730474236 0.18589836359024048 356
1750730555337 0.1885344535112381 357
1750730570574 0.17940571904182434 358
1750730596911 0.18712718784809113 359
1750730614155 0.18713146448135376 360
1750730695459 0.18366068601608276 361
1750730710208 0.179551899433136 362
1750730733921 0.18557611107826233 363
1750730751439 0.18581756949424744 364
1750730833289 0.1821935623884201 365
1750730848174 0.19378095865249634 366
1750730866959 0.1767936646938324 367
1750730882005 0.18556632101535797 368
1750730953616 0.17920532822608948 369
1750730966845 0.1870202124118805 370
1750730975794 0.18360114097595215 371
1750731375018 0.18486261367797852 372
1750731391164 0.1768733412027359 373
1750731406493 0.19055582582950592 374
1750731421024 0.1920149028301239 375
1750731496985 0.1770198494195938 376
1750731511236 0.1891360580921173 377
1750731524828 0.19042779505252838 378
1750731540257 0.18114124238491058 379
1750731629371 0.1821897178888321 380
1750731646992 0.18650880455970764 381
1750731663497 0.179568812251091 382
1750731678113 0.18694360554218292 383
1750731762996 0.18649810552597046 384
1750731780400 0.17787034809589386 385
1750731797288 0.1785964071750641 386
1750731812451 0.1879952996969223 387
1750731901032 0.18193085491657257 388
1750731918427 0.18665602803230286 389
1750731936118 0.18171855807304382 390
1750731948964 0.18966439366340637 391
1750732037386 0.1911264955997467 392
1750732054579 0.1808677762746811 393
1750732072320 0.18008629977703094 394
1750732087368 0.18600715696811676 395
1750732172011 0.19125790894031525 396
1750732187892 0.18959693610668182 397
1750732203703 0.18932728469371796 398
1750732216489 0.17911042273044586 399
1750732293821 0.17988038063049316 400
1750732308064 0.18484649062156677 401
1750732317246 0.1841462403535843 402
1750732687597 0.19103050231933594 403
1750732700980 0.18648234009742737 404
1750732713986 0.1862834095954895 405
1750732728311 0.1817680448293686 406
1750732797191 0.18475127220153809 407
1750732814154 0.18927621841430664 408
1750732828926 0.18397335708141327 409
1750732843813 0.18649810552597046 410
1750732932708 0.1899494081735611 411
1750732950096 0.18151310086250305 412
1750732964700 0.1840316653251648 413
1750732980081 0.18132919073104858 414
1750733068080 0.17976036667823792 415
1750733084878 0.18738669157028198 416
1750733099665 0.19199365377426147 417
1750733114929 0.18529202044010162 418
1750733203944 0.17861805856227875 419
1750733221798 0.1832655668258667 420
1750733237703 0.18408480286598206 421
1750733251681 0.18671569228172302 422
1750733339989 0.18368124961853027 423
1750733356957 0.18492408096790314 424
1750733371373 0.1759406328201294 425
1750733386237 0.1881830245256424 426
1750733473186 0.19018587470054626 427
1750733492132 0.18454746901988983 428
1750733505159 0.18807749450206757 429
1750733518275 0.18811804056167603 430
1750733586084 0.17988543212413788 431
1750733602198 0.18633966147899628 432
1750733608140 0.18433980643749237 433
1750733963730 0.1794864684343338 434
1750733978888 0.18048541247844696 435
1750733993579 0.18752604722976685 436
1750734008456 0.18509872257709503 437
1750734087488 0.18449696898460388 438
1750734109464 0.19110991060733795 439
1750734126675 0.19362354278564453 440
1750734141815 0.19131137430667877 441
1750734226117 0.18272799253463745 442
1750734247126 0.17783407866954803 443
1750734264048 0.18585483729839325 444
1750734279041 0.18951089680194855 445
1750734363774 0.18234902620315552 446
1750734383150 0.18188650906085968 447
1750734399707 0.18359136581420898 448
1750734414753 0.1793910264968872 449
1750734499984 0.19239383935928345 450
1750734520545 0.1895497441291809 451
1750734537303 0.1866355836391449 452
1750734551417 0.1831526905298233 453
1750734639157 0.17931270599365234 454
1750734656388 0.17739646136760712 455
1750734672372 0.1799618899822235 456
1750734686574 0.18643991649150848 457
1750734776197 0.17616812884807587 458
1750734792080 0.1829986423254013 459
1750734805900 0.18141354620456696 460
1750734818947 0.1883067786693573 461
1750734890249 0.18251453340053558 462
1750734902209 0.18819043040275574 463
1750734908322 0.1842828243970871 464
1750735293736 0.18606525659561157 465
1750735309834 0.17627185583114624 466
1750735326573 0.18217019736766815 467
1750735344464 0.18236710131168365 468
1750735435020 0.18429982662200928 469
1750735452405 0.18937739729881287 470
1750735470759 0.1930849254131317 471
1750735486507 0.18203040957450867 472
1750735569848 0.19213460385799408 473
1750735586188 0.1833745837211609 474
1750735603144 0.1810290366411209 475
1750735619577 0.17613528668880463 476
1750735704431 0.18453651666641235 477
1750735719668 0.1865103840827942 478
1750735737055 0.17975331842899323 479
1750735753588 0.1774962842464447 480
1750735838507 0.18690147995948792 481
1750735852456 0.1866380125284195 482
1750735870146 0.18677489459514618 483
1750735888004 0.18763580918312073 484
1750735970180 0.18175724148750305 485
1750735985164 0.17845021188259125 486
1750736001095 0.18495433032512665 487
1750736018279 0.18333539366722107 488
1750736101205 0.1827525496482849 489
1750736114446 0.18223437666893005 490
1750736128102 0.1819220334291458 491
1750736144053 0.18527734279632568 492
1750736196549 0.18073052167892456 493
1750736204213 0.18989793956279755 494
1750736209444 0.19159159064292908 495
1750736600736 0.18053565919399261 496
1750736616761 0.19533610343933105 497
1750736633374 0.1804206222295761 498
1750736650982 0.18857917189598083 499
1750736734356 0.18323056399822235 500
1750736748594 0.18471620976924896 501
1750736764875 0.18471848964691162 502
1750736781691 0.19432057440280914 503
1750736870359 0.18027353286743164 504
1750736885244 0.1766131967306137 505
1750736901052 0.18370786309242249 506
1750736918205 0.18254989385604858 507
1750737004228 0.17950411140918732 508
1750737018764 0.1837765872478485 509
1750737034273 0.18569326400756836 510
1750737051208 0.1842237412929535 511
1750737138689 0.1914205253124237 512
1750737152827 0.18972358107566833 513
1750737169256 0.17493921518325806 514
1750737186252 0.18977586925029755 515
1750737275093 0.1853969693183899 516
1750737291968 0.18869273364543915 517
1750737309111 0.1874379962682724 518
1750737325807 0.18359391391277313 519
1750737413017 0.17751926183700562 520
1750737426214 0.18155789375305176 521
1750737440350 0.18306313455104828 522
1750737453246 0.1826038807630539 523
1750737506437 0.17889899015426636 524
1750737517876 0.17415501177310944 525
1750737527221 0.17721669375896454 526
1750737921440 0.1829325258731842 527
1750737936259 0.18714173138141632 528
1750737952506 0.18043364584445953 529
1750737969192 0.1831570416688919 530
1750738055747 0.1821586787700653 531
1750738072451 0.18734782934188843 532
1750738089035 0.18299920856952667 533
1750738105713 0.17900079488754272 534
1750738193004 0.18983131647109985 535
1750738209780 0.18019548058509827 536
1750738224952 0.18351517617702484 537
1750738241397 0.17869961261749268 538
1750738333392 0.18160825967788696 539
1750738349972 0.1830572783946991 540
1750738366025 0.18198831379413605 541
1750738382356 0.18460138142108917 542
1750738472972 0.17571920156478882 543
1750738488652 0.19275030493736267 544
1750738506875 0.18821406364440918 545
1750738522808 0.17948874831199646 546
1750738610773 0.1874488890171051 547
1750738625746 0.1812794953584671 548
1750738641999 0.18541675806045532 549
1750738657751 0.18281890451908112 550
1750738715123 0.19054435193538666 551
1750738726946 0.18419593572616577 552
1750738739757 0.18330420553684235 553
1750738754278 0.18044695258140564 554
1750738802765 0.19085052609443665 555
1750738816294 0.18354816734790802 556
1750738825431 0.17894479632377625 557
1750739203160 0.18184776604175568 558
1750739220250 0.18043211102485657 559
1750739236256 0.1918012946844101 560
1750739250736 0.18849706649780273 561
1750739333462 0.17955376207828522 562
1750739350616 0.1910327672958374 563
1750739367116 0.18227285146713257 564
1750739381682 0.18198028206825256 565
1750739467479 0.1852087527513504 566
1750739483556 0.19057899713516235 567
1750739500419 0.17694413661956787 568
1750739515216 0.18367737531661987 569
1750739605549 0.1783626824617386 570
1750739622421 0.1750064194202423 571
1750739639656 0.18260779976844788 572
1750739654237 0.1839623749256134 573
1750739742592 0.181850403547287 574
1750739759840 0.1857980638742447 575
1750739776116 0.18983764946460724 576
1750739791257 0.17443755269050598 577
1750739877315 0.18184083700180054 578
1750739894648 0.19072550535202026 579
1750739910927 0.18270766735076904 580
1750739924702 0.1922004073858261 581
1750739974459 0.18538397550582886 582
1750739986914 0.18313176929950714 583
1750739999503 0.17291827499866486 584
1750740012597 0.18714874982833862 585
1750740077840 0.18128030002117157 586
1750740098599 0.18494004011154175 587
1750740107866 0.18449336290359497 588
1750740492875 0.18262214958667755 589
1750740509207 0.17814621329307556 590
1750740526115 0.18288463354110718 591
1750740541704 0.1883108913898468 592
1750740626354 0.18400004506111145 593
1750740642780 0.17722296714782715 594
1750740659202 0.18439465761184692 595
1750740675878 0.1856137067079544 596
1750740761405 0.19132016599178314 597
1750740777369 0.174762561917305 598
1750740793068 0.1819765269756317 599
1750740810057 0.1843278408050537 600
1750740899994 0.18415004014968872 601
1750740916167 0.17857015132904053 602
1750740932392 0.17630836367607117 603
1750740948931 0.19404782354831696 604
1750741036204 0.1875847578048706 605
1750741052743 0.1926518827676773 606
1750741067788 0.18104512989521027 607
1750741085104 0.1760631650686264 608
1750741169727 0.1887529045343399 609
1750741185539 0.18901817500591278 610
1750741201611 0.17949533462524414 611
1750741216258 0.18003834784030914 612
1750741295572 0.18602320551872253 613
1750741311318 0.18957802653312683 614
1750741325419 0.18129684031009674 615
1750741339569 0.1813276708126068 616
1750741404822 0.1820782870054245 617
1750741412526 0.17865706980228424 618
1750741418308 0.19147880375385284 619
