1750716762968 0.0 0
1750716770909 0.0 1
1750716778949 0.0 2
1750716787036 0.0 3
1750716817182 0.0 4
1750716825117 0.0 5
1750716832667 0.0 6
1750716840401 0.0 7
1750716876572 0.0 8
1750716885036 0.0 9
1750716895810 0.0 10
1750716903001 0.0 11
1750716940853 0.0 12
1750716950922 0.0 13
1750716964436 0.0 14
1750716973708 0.0 15
1750717013601 0.0 16
1750717023116 0.0 17
1750717034331 0.0 18
1750717041411 0.0 19
1750717077173 0.0 20
1750717089027 0.0 21
1750717101639 0.0 22
1750717110232 0.0 23
1750717149297 0.0 24
1750717160650 0.0 25
1750717168608 0.0 26
1750717176311 0.0 27
1750717213848 0.0 28
1750717226645 0.0 29
1750717236267 0.0 30
1750717245047 0.0 31
1750717283140 0.0 32
1750717299144 0.0 33
1750717306767 0.0 34
1750717313984 0.0 35
1750717345416 0.0 36
1750717368296 0.0 37
1750717376883 0.0 38
1750717386033 0.0 39
1750717417568 0.0 40
1750717437610 0.0 41
1750717445161 0.0 42
1750717452840 0.0 43
1750717482523 0.0 44
1750717505505 0.0 45
1750717514159 0.0 46
1750717523239 0.0 47
1750717554060 0.0 48
1750717575707 0.0 49
1750717583164 0.0 50
1750717590871 0.0 51
1750717616980 0.0 52
1750717644133 0.0 53
1750717652327 0.0 54
1750717660950 0.0 55
1750717687556 0.0 56
1750717706836 0.0 57
1750717713376 0.0 58
1750717720102 0.0 59
1750717731273 0.0 60
1750717733727 0.0 61
1750717927822 0.0 61
1750717995063 1.0 62
1750718004665 1.0 63
1750718013312 1.0 64
1750718022232 1.0 65
1750718064280 1.0 66
1750718072036 1.0 67
1750718079314 1.0 68
1750718086280 1.0 69
1750718112350 1.0 70
1750718118815 1.0 71
1750718125873 1.0 72
1750718132806 1.0 73
1750718155820 1.0 74
1750718163287 1.0 75
1750718170699 1.0 76
1750718178613 1.0 77
1750718215583 1.0 78
1750718222924 1.0 79
1750718230496 1.0 80
1750718241227 1.0 81
1750718279827 1.0 82
1750718288826 1.0 83
1750718298332 1.0 84
1750718308535 1.0 85
1750718351895 1.0 86
1750718358971 1.0 87
1750718366976 1.0 88
1750718377727 1.0 89
1750718416660 1.0 90
1750718425257 1.0 91
1750718434200 1.0 92
1750718448216 1.0 93
1750718488432 1.0 94
1750718496047 1.0 95
1750718503604 1.0 96
1750718517486 1.0 97
1750718553320 1.0 98
1750718562255 1.0 99
1750718571702 1.0 100
1750718584990 1.0 101
1750718624448 1.0 102
1750718631989 1.0 103
1750718639424 1.0 104
1750718652404 1.0 105
1750718691556 1.0 106
1750718700252 1.0 107
1750718709225 1.0 108
1750718722147 1.0 109
1750718761639 1.0 110
1750718769075 1.0 111
1750718776652 1.0 112
1750718788264 1.0 113
1750718827382 1.0 114
1750718836040 1.0 115
1750718845285 1.0 116
1750718857324 1.0 117
1750718895424 1.0 118
1750718902095 1.0 119
1750718908558 1.0 120
1750718917378 1.0 121
1750718932833 1.0 122
1750718934868 1.0 123
1750719172980 1.0 123
1750719224821 2.0 124
1750719233098 2.0 125
1750719241112 2.0 126
1750719248656 2.0 127
1750719290855 2.0 128
1750719298397 2.0 129
1750719305974 2.0 130
1750719314571 2.0 131
1750719357374 2.0 132
1750719364896 2.0 133
1750719372587 2.0 134
1750719379952 2.0 135
1750719413545 2.0 136
1750719422232 2.0 137
1750719428676 2.0 138
1750719435788 2.0 139
1750719453199 2.0 140
1750719458112 2.0 141
1750719465316 2.0 142
1750719476374 2.0 143
1750719502576 2.0 144
1750719517720 2.0 145
1750719524900 2.0 146
1750719541048 2.0 147
1750719566130 2.0 148
1750719581244 2.0 149
1750719588558 2.0 150
1750719608940 2.0 151
1750719636102 2.0 152
1750719652176 2.0 153
1750719659520 2.0 154
1750719678999 2.0 155
1750719703416 2.0 156
1750719715537 2.0 157
1750719723104 2.0 158
1750719744704 2.0 159
1750719773826 2.0 160
1750719788526 2.0 161
1750719796932 2.0 162
1750719815849 2.0 163
1750719840256 2.0 164
1750719853087 2.0 165
1750719861122 2.0 166
1750719882273 2.0 167
1750719909661 2.0 168
1750719924743 2.0 169
1750719932384 2.0 170
1750719949895 2.0 171
1750719976215 2.0 172
1750719989528 2.0 173
1750719996919 2.0 174
1750720016904 2.0 175
1750720047863 2.0 176
1750720063556 2.0 177
1750720071050 2.0 178
1750720086075 2.0 179
1750720113817 2.0 180
1750720126938 2.0 181
1750720134311 2.0 182
1750720149378 2.0 183
1750720173676 2.0 184
1750720176099 2.0 185
1750720427812 2.0 185
1750720479126 3.0 186
1750720486191 3.0 187
1750720493335 3.0 188
1750720500255 3.0 189
1750720515439 3.0 190
1750720522936 3.0 191
1750720547046 3.0 192
1750720554678 3.0 193
1750720580763 3.0 194
1750720588437 3.0 195
1750720612512 3.0 196
1750720619936 3.0 197
1750720646013 3.0 198
1750720655488 3.0 199
1750720681580 3.0 200
1750720689451 3.0 201
1750720712083 3.0 202
1750720718770 3.0 203
1750720737855 3.0 204
1750720744219 3.0 205
1750720763708 3.0 206
1750720770755 3.0 207
1750720778687 3.0 208
1750720786044 3.0 209
1750720807052 3.0 210
1750720814536 3.0 211
1750720838075 3.0 212
1750720846025 3.0 213
1750720872863 3.0 214
1750720880227 3.0 215
1750720902687 3.0 216
1750720910672 3.0 217
1750720944244 3.0 218
1750720953231 3.0 219
1750720974905 3.0 220
1750720982764 3.0 221
1750721009330 3.0 222
1750721016932 3.0 223
1750721038073 3.0 224
1750721046792 3.0 225
1750721077417 3.0 226
1750721085620 3.0 227
1750721109269 3.0 228
1750721116363 3.0 229
1750721144763 3.0 230
1750721152556 3.0 231
1750721173020 3.0 232
1750721181351 3.0 233
1750721214128 3.0 234
1750721222994 3.0 235
1750721244685 3.0 236
1750721252460 3.0 237
1750721284025 3.0 238
1750721291608 3.0 239
1750721307186 3.0 240
1750721315732 3.0 241
1750721352004 3.0 242
1750721359256 3.0 243
1750721372769 3.0 244
1750721379162 3.0 245
1750721390579 3.0 246
1750721392962 3.0 247
1750721654949 3.0 247
1750721720903 4.0 248
1750721728813 4.0 249
1750721735869 4.0 250
1750721742371 4.0 251
1750721764801 4.0 252
1750721773054 4.0 253
1750721781425 4.0 254
1750721786365 4.0 255
1750721812623 4.0 256
1750721820509 4.0 257
1750721827954 4.0 258
1750721841076 4.0 259
1750721874942 4.0 260
1750721884483 4.0 261
1750721891966 4.0 262
1750721903372 4.0 263
1750721936661 4.0 264
1750721950760 4.0 265
1750721960189 4.0 266
1750721973783 4.0 267
1750722004360 4.0 268
1750722016346 4.0 269
1750722022920 4.0 270
1750722032592 4.0 271
1750722052030 4.0 272
1750722068977 4.0 273
1750722076167 4.0 274
1750722091767 4.0 275
1750722099104 4.0 276
1750722113669 4.0 277
1750722121966 4.0 278
1750722156516 4.0 279
1750722164101 4.0 280
1750722179237 4.0 281
1750722187183 4.0 282
1750722222983 4.0 283
1750722231489 4.0 284
1750722246976 4.0 285
1750722256371 4.0 286
1750722292893 4.0 287
1750722300795 4.0 288
1750722313888 4.0 289
1750722321856 4.0 290
1750722359712 4.0 291
1750722368600 4.0 292
1750722380944 4.0 293
1750722389685 4.0 294
1750722429871 4.0 295
1750722437454 4.0 296
1750722446437 4.0 297
1750722454970 4.0 298
1750722496225 4.0 299
1750722504886 4.0 300
1750722514587 4.0 301
1750722523501 4.0 302
1750722566461 4.0 303
1750722574127 4.0 304
1750722581832 4.0 305
1750722588386 4.0 306
1750722610999 4.0 307
1750722615921 4.0 308
1750722618576 4.0 309
1750722876770 4.0 309
1750722949232 5.0 310
1750722956940 5.0 311
1750722964088 5.0 312
1750722971616 5.0 313
1750723013510 5.0 314
1750723021151 5.0 315
1750723029643 5.0 316
1750723037085 5.0 317
1750723076656 5.0 318
1750723080889 5.0 319
1750723085843 5.0 320
1750723092243 5.0 321
1750723120434 5.0 322
1750723127432 5.0 323
1750723134928 5.0 324
1750723142278 5.0 325
1750723168974 5.0 326
1750723176596 5.0 327
1750723184144 5.0 328
1750723191783 5.0 329
1750723233116 5.0 330
1750723240127 5.0 331
1750723247847 5.0 332
1750723255531 5.0 333
1750723301669 5.0 334
1750723309607 5.0 335
1750723316680 5.0 336
1750723324225 5.0 337
1750723362718 5.0 338
1750723369109 5.0 339
1750723373274 5.0 340
1750723378111 5.0 341
1750723416207 5.0 342
1750723422986 5.0 343
1750723429522 5.0 344
1750723437484 5.0 345
1750723478044 5.0 346
1750723485727 5.0 347
1750723493077 5.0 348
1750723500629 5.0 349
1750723544934 5.0 350
1750723553367 5.0 351
1750723561984 5.0 352
1750723570600 5.0 353
1750723613276 5.0 354
1750723620664 5.0 355
1750723628374 5.0 356
1750723635984 5.0 357
1750723678239 5.0 358
1750723687057 5.0 359
1750723695320 5.0 360
1750723703604 5.0 361
1750723749468 5.0 362
1750723757369 5.0 363
1750723764236 5.0 364
1750723771249 5.0 365
1750723792850 5.0 366
1750723800193 5.0 367
1750723807412 5.0 368
1750723814788 5.0 369
1750723847191 5.0 370
1750723849586 5.0 371
1750724108933 5.0 371
1750724180351 6.0 372
1750724189625 6.0 373
1750724198671 6.0 374
1750724207656 6.0 375
1750724248703 6.0 376
1750724255929 6.0 377
1750724263100 6.0 378
1750724269674 6.0 379
1750724312020 6.0 380
1750724320116 6.0 381
1750724328045 6.0 382
1750724335969 6.0 383
1750724367961 6.0 384
1750724372131 6.0 385
1750724376701 6.0 386
1750724383114 6.0 387
1750724410224 6.0 388
1750724428201 6.0 389
1750724435352 6.0 390
1750724442950 6.0 391
1750724455634 6.0 392
1750724486487 6.0 393
1750724494520 6.0 394
1750724502043 6.0 395
1750724518400 6.0 396
1750724549530 6.0 397
1750724557411 6.0 398
1750724566224 6.0 399
1750724586988 6.0 400
1750724619370 6.0 401
1750724627359 6.0 402
1750724634658 6.0 403
1750724650284 6.0 404
1750724678214 6.0 405
1750724684962 6.0 406
1750724691774 6.0 407
1750724698960 6.0 408
1750724736736 6.0 409
1750724744287 6.0 410
1750724751607 6.0 411
1750724759376 6.0 412
1750724801920 6.0 413
1750724809885 6.0 414
1750724817089 6.0 415
1750724824332 6.0 416
1750724871448 6.0 417
1750724880314 6.0 418
1750724888532 6.0 419
1750724896588 6.0 420
1750724938060 6.0 421
1750724945460 6.0 422
1750724953228 6.0 423
1750724960895 6.0 424
1750725008264 6.0 425
1750725016682 6.0 426
1750725024536 6.0 427
1750725031624 6.0 428
1750725058900 6.0 429
1750725065177 6.0 430
1750725070413 6.0 431
1750725076894 6.0 432
1750725079280 6.0 433
1750725335120 6.0 433
1750725409031 7.0 434
1750725416637 7.0 435
1750725424052 7.0 436
1750725431827 7.0 437
1750725473444 7.0 438
1750725482186 7.0 439
1750725490645 7.0 440
1750725500092 7.0 441
1750725542777 7.0 442
1750725550091 7.0 443
1750725557449 7.0 444
1750725565032 7.0 445
1750725600189 7.0 446
1750725607464 7.0 447
1750725615164 7.0 448
1750725623116 7.0 449
1750725662787 7.0 450
1750725669267 7.0 451
1750725675804 7.0 452
1750725682406 7.0 453
1750725714314 7.0 454
1750725720155 7.0 455
1750725730638 7.0 456
1750725737676 7.0 457
1750725749869 7.0 458
1750725767778 7.0 459
1750725775568 7.0 460
1750725783163 7.0 461
1750725807079 7.0 462
1750725831928 7.0 463
1750725839446 7.0 464
1750725847063 7.0 465
1750725870393 7.0 466
1750725898831 7.0 467
1750725908727 7.0 468
1750725917936 7.0 469
1750725937209 7.0 470
1750725962208 7.0 471
1750725969161 7.0 472
1750725975719 7.0 473
1750725990590 7.0 474
1750726016868 7.0 475
1750726024485 7.0 476
1750726031975 7.0 477
1750726040569 7.0 478
1750726079629 7.0 479
1750726088698 7.0 480
1750726096237 7.0 481
1750726103821 7.0 482
1750726141662 7.0 483
1750726153909 7.0 484
1750726162897 7.0 485
1750726171711 7.0 486
1750726213612 7.0 487
1750726223343 7.0 488
1750726230281 7.0 489
1750726236862 7.0 490
1750726276268 7.0 491
1750726284158 7.0 492
1750726288913 7.0 493
1750726295852 7.0 494
1750726298364 7.0 495
1750726561181 7.0 495
1750726628936 8.0 496
1750726638167 8.0 497
1750726647265 8.0 498
1750726656109 8.0 499
1750726703803 8.0 500
1750726710481 8.0 501
1750726718189 8.0 502
1750726725942 8.0 503
1750726768405 8.0 504
1750726776798 8.0 505
1750726785082 8.0 506
1750726793812 8.0 507
1750726839555 8.0 508
1750726846976 8.0 509
1750726854711 8.0 510
1750726862293 8.0 511
1750726905980 8.0 512
1750726912752 8.0 513
1750726920032 8.0 514
1750726927890 8.0 515
1750726965849 8.0 516
1750726973088 8.0 517
1750726980217 8.0 518
1750726986746 8.0 519
1750727022115 8.0 520
1750727028570 8.0 521
1750727034994 8.0 522
1750727041928 8.0 523
1750727054705 8.0 524
1750727061809 8.0 525
1750727069144 8.0 526
1750727076737 8.0 527
1750727112124 8.0 528
1750727120004 8.0 529
1750727127613 8.0 530
1750727135523 8.0 531
1750727175283 8.0 532
1750727183322 8.0 533
1750727192287 8.0 534
1750727201330 8.0 535
1750727245055 8.0 536
1750727252462 8.0 537
1750727259903 8.0 538
1750727266740 8.0 539
1750727304332 8.0 540
1750727311486 8.0 541
1750727318540 8.0 542
1750727323474 8.0 543
1750727360200 8.0 544
1750727368198 8.0 545
1750727375719 8.0 546
1750727383088 8.0 547
1750727422968 8.0 548
1750727430660 8.0 549
1750727438151 8.0 550
1750727445725 8.0 551
1750727487269 8.0 552
1750727494137 8.0 553
1750727501439 8.0 554
1750727508277 8.0 555
1750727539019 8.0 556
1750727541365 8.0 557
1750727789832 8.0 557
1750727863910 9.0 558
1750727871538 9.0 559
1750727879203 9.0 560
1750727886787 9.0 561
1750727930352 9.0 562
1750727938837 9.0 563
1750727948224 9.0 564
1750727956645 9.0 565
1750727999314 9.0 566
1750728006704 9.0 567
1750728014087 9.0 568
1750728021637 9.0 569
1750728066294 9.0 570
1750728074456 9.0 571
1750728083412 9.0 572
1750728092525 9.0 573
1750728137454 9.0 574
1750728145149 9.0 575
1750728152590 9.0 576
1750728160971 9.0 577
1750728202013 9.0 578
1750728209945 9.0 579
1750728217985 9.0 580
1750728225987 9.0 581
1750728266815 9.0 582
1750728274596 9.0 583
1750728281133 9.0 584
1750728287808 9.0 585
1750728318263 9.0 586
1750728325134 9.0 587
1750728330834 9.0 588
1750728337507 9.0 589
1750728357044 9.0 590
1750728364403 9.0 591
1750728372164 9.0 592
1750728380560 9.0 593
1750728419099 9.0 594
1750728427751 9.0 595
1750728435219 9.0 596
1750728442871 9.0 597
1750728483944 9.0 598
1750728492948 9.0 599
1750728501780 9.0 600
1750728511468 9.0 601
1750728553733 9.0 602
1750728561146 9.0 603
1750728568025 9.0 604
1750728574556 9.0 605
1750728607553 9.0 606
1750728614605 9.0 607
1750728621717 9.0 608
1750728632156 9.0 609
1750728642708 9.0 610
1750728658439 9.0 611
1750728665884 9.0 612
1750728697259 9.0 613
1750728707408 9.0 614
1750728721449 9.0 615
1750728728142 9.0 616
1750728746804 9.0 617
1750728753791 9.0 618
1750728756405 9.0 619
1750729020611 9.0 619
1750729093067 10.0 620
1750729100581 10.0 621
1750729108491 10.0 622
1750729116060 10.0 623
1750729161483 10.0 624
1750729170294 10.0 625
1750729179582 10.0 626
1750729188403 10.0 627
1750729229680 10.0 628
1750729236838 10.0 629
1750729244587 10.0 630
1750729252651 10.0 631
1750729295944 10.0 632
1750729304630 10.0 633
1750729313958 10.0 634
1750729322677 10.0 635
1750729364001 10.0 636
1750729371546 10.0 637
1750729379056 10.0 638
1750729386743 10.0 639
1750729432059 10.0 640
1750729441122 10.0 641
1750729449539 10.0 642
1750729457824 10.0 643
1750729498589 10.0 644
1750729506316 10.0 645
1750729513899 10.0 646
1750729521897 10.0 647
1750729562386 10.0 648
1750729570504 10.0 649
1750729578790 10.0 650
1750729586716 10.0 651
1750729621377 10.0 652
1750729627507 10.0 653
1750729634009 10.0 654
1750729639848 10.0 655
1750729667287 10.0 656
1750729674361 10.0 657
1750729681318 10.0 658
1750729689012 10.0 659
1750729722054 10.0 660
1750729730186 10.0 661
1750729737651 10.0 662
1750729744911 10.0 663
1750729785736 10.0 664
1750729793514 10.0 665
1750729801177 10.0 666
1750729809972 10.0 667
1750729855836 10.0 668
1750729863829 10.0 669
1750729871255 10.0 670
1750729878731 10.0 671
1750729917268 10.0 672
1750729923758 10.0 673
1750729930368 10.0 674
1750729935346 10.0 675
1750729957117 10.0 676
1750729961335 10.0 677
1750729965799 10.0 678
1750729970010 10.0 679
1750729993466 10.0 680
1750729995897 10.0 681
1750730253740 10.0 681
1750730329008 11.0 682
1750730338253 11.0 683
1750730345983 11.0 684
1750730353704 11.0 685
1750730393862 11.0 686
1750730401433 11.0 687
1750730410711 11.0 688
1750730419753 11.0 689
1750730460660 11.0 690
1750730469540 11.0 691
1750730477867 11.0 692
1750730484920 11.0 693
1750730524293 11.0 694
1750730532841 11.0 695
1750730540919 11.0 696
1750730550148 11.0 697
1750730593385 11.0 698
1750730603935 11.0 699
1750730612609 11.0 700
1750730620330 11.0 701
1750730657156 11.0 702
1750730668240 11.0 703
1750730675876 11.0 704
1750730684714 11.0 705
1750730727291 11.0 706
1750730740705 11.0 707
1750730749028 11.0 708
1750730756636 11.0 709
1750730793068 11.0 710
1750730808595 11.0 711
1750730816142 11.0 712
1750730824968 11.0 713
1750730862975 11.0 714
1750730877928 11.0 715
1750730885508 11.0 716
1750730892008 11.0 717
1750730919096 11.0 718
1750730938869 11.0 719
1750730945354 11.0 720
1750730951631 11.0 721
1750730958655 11.0 722
1750730980553 11.0 723
1750730987585 11.0 724
1750730995121 11.0 725
1750731002995 11.0 726
1750731043921 11.0 727
1750731052061 11.0 728
1750731060266 11.0 729
1750731067496 11.0 730
1750731109904 11.0 731
1750731118546 11.0 732
1750731127588 11.0 733
1750731136283 11.0 734
1750731177839 11.0 735
1750731184849 11.0 736
1750731191340 11.0 737
1750731197778 11.0 738
1750731224855 11.0 739
1750731229022 11.0 740
1750731233128 11.0 741
1750731238018 11.0 742
1750731240400 11.0 743
1750731494679 11.0 743
1750731566400 12.0 744
1750731574073 12.0 745
1750731581416 12.0 746
1750731588718 12.0 747
1750731632388 12.0 748
1750731640654 12.0 749
1750731649868 12.0 750
1750731658733 12.0 751
1750731698876 12.0 752
1750731706491 12.0 753
1750731713557 12.0 754
1750731721368 12.0 755
1750731766692 12.0 756
1750731775568 12.0 757
1750731783760 12.0 758
1750731793079 12.0 759
1750731834671 12.0 760
1750731841835 12.0 761
1750731849100 12.0 762
1750731856341 12.0 763
1750731904670 12.0 764
1750731913268 12.0 765
1750731922739 12.0 766
1750731931506 12.0 767
1750731973995 12.0 768
1750731981250 12.0 769
1750731988673 12.0 770
1750731995899 12.0 771
1750732042283 12.0 772
1750732052127 12.0 773
1750732061053 12.0 774
1750732069711 12.0 775
1750732111133 12.0 776
1750732118405 12.0 777
1750732126156 12.0 778
1750732133583 12.0 779
1750732174747 12.0 780
1750732182961 12.0 781
1750732190934 12.0 782
1750732199169 12.0 783
1750732229668 12.0 784
1750732234517 12.0 785
1750732240217 12.0 786
1750732246675 12.0 787
1750732263007 12.0 788
1750732270320 12.0 789
1750732290187 12.0 790
1750732297180 12.0 791
1750732304567 12.0 792
1750732311293 12.0 793
1750732334860 12.0 794
1750732342605 12.0 795
1750732351492 12.0 796
1750732358984 12.0 797
1750732398804 12.0 798
1750732406367 12.0 799
1750732415178 12.0 800
1750732422687 12.0 801
1750732462966 12.0 802
1750732469913 12.0 803
1750732476522 12.0 804
1750732478980 12.0 805
1750732714585 12.0 805
1750732785729 13.0 806
1750732794363 13.0 807
1750732803606 13.0 808
1750732812088 13.0 809
1750732854996 13.0 810
1750732862237 13.0 811
1750732869807 13.0 812
1750732877167 13.0 813
1750732920748 13.0 814
1750732929656 13.0 815
1750732938472 13.0 816
1750732946891 13.0 817
1750732991545 13.0 818
1750732999144 13.0 819
1750733007328 13.0 820
1750733015014 13.0 821
1750733056774 13.0 822
1750733065912 13.0 823
1750733074596 13.0 824
1750733084459 13.0 825
1750733130303 13.0 826
1750733137748 13.0 827
1750733145579 13.0 828
1750733153386 13.0 829
1750733197409 13.0 830
1750733206173 13.0 831
1750733214397 13.0 832
1750733223040 13.0 833
1750733265170 13.0 834
1750733272475 13.0 835
1750733280330 13.0 836
1750733287521 13.0 837
1750733328693 13.0 838
1750733337771 13.0 839
1750733346090 13.0 840
1750733354199 13.0 841
1750733399275 13.0 842
1750733406552 13.0 843
1750733413937 13.0 844
1750733421355 13.0 845
1750733462617 13.0 846
1750733471260 13.0 847
1750733479411 13.0 848
1750733488646 13.0 849
1750733527661 13.0 850
1750733534040 13.0 851
1750733540693 13.0 852
1750733546526 13.0 853
1750733585945 13.0 854
1750733592364 13.0 855
1750733599179 13.0 856
1750733606089 13.0 857
1750733628692 13.0 858
1750733636744 13.0 859
1750733644366 13.0 860
1750733652118 13.0 861
1750733689143 13.0 862
1750733695646 13.0 863
1750733702167 13.0 864
1750733708733 13.0 865
1750733728016 13.0 866
1750733730675 13.0 867
1750733955993 13.0 867
1750734029264 14.0 868
1750734036804 14.0 869
1750734044079 14.0 870
1750734051411 14.0 871
1750734097061 14.0 872
1750734105732 14.0 873
1750734113928 14.0 874
1750734122599 14.0 875
1750734166477 14.0 876
1750734173836 14.0 877
1750734181501 14.0 878
1750734188914 14.0 879
1750734229780 14.0 880
1750734238123 14.0 881
1750734246762 14.0 882
1750734255487 14.0 883
1750734298667 14.0 884
1750734306027 14.0 885
1750734313090 14.0 886
1750734321319 14.0 887
1750734366661 14.0 888
1750734375154 14.0 889
1750734384517 14.0 890
1750734393736 14.0 891
1750734436872 14.0 892
1750734444461 14.0 893
1750734451680 14.0 894
1750734459237 14.0 895
1750734504725 14.0 896
1750734513632 14.0 897
1750734522406 14.0 898
1750734531145 14.0 899
1750734573304 14.0 900
1750734580689 14.0 901
1750734588004 14.0 902
1750734595414 14.0 903
1750734640258 14.0 904
1750734648772 14.0 905
1750734658194 14.0 906
1750734666936 14.0 907
1750734708187 14.0 908
1750734716414 14.0 909
1750734723716 14.0 910
1750734731374 14.0 911
1750734772107 14.0 912
1750734779626 14.0 913
1750734787879 14.0 914
1750734796332 14.0 915
1750734835824 14.0 916
1750734842215 14.0 917
1750734848639 14.0 918
1750734854526 14.0 919
1750734880517 14.0 920
1750734897424 14.0 921
1750734904310 14.0 922
1750734910182 14.0 923
1750734916595 14.0 924
1750734944885 14.0 925
1750734950251 14.0 926
1750734954352 14.0 927
1750734958495 14.0 928
1750734962005 14.0 929
1750735171005 14.0 929
1750735241148 15.0 930
1750735249260 15.0 931
1750735256648 15.0 932
1750735264302 15.0 933
1750735312164 15.0 934
1750735321759 15.0 935
1750735330516 15.0 936
1750735339072 15.0 937
1750735380239 15.0 938
1750735387630 15.0 939
1750735395115 15.0 940
1750735403143 15.0 941
1750735446269 15.0 942
1750735454307 15.0 943
1750735463454 15.0 944
1750735471516 15.0 945
1750735517100 15.0 946
1750735525031 15.0 947
1750735533176 15.0 948
1750735540666 15.0 949
1750735586869 15.0 950
1750735596077 15.0 951
1750735605099 15.0 952
1750735614248 15.0 953
1750735655020 15.0 954
1750735663109 15.0 955
1750735670671 15.0 956
1750735678239 15.0 957
1750735725859 15.0 958
1750735735292 15.0 959
1750735744660 15.0 960
1750735753030 15.0 961
1750735792417 15.0 962
1750735800126 15.0 963
1750735807978 15.0 964
1750735815716 15.0 965
1750735863804 15.0 966
1750735872072 15.0 967
1750735880939 15.0 968
1750735889436 15.0 969
1750735933192 15.0 970
1750735940900 15.0 971
1750735948675 15.0 972
1750735956002 15.0 973
1750736003500 15.0 974
1750736012600 15.0 975
1750736021118 15.0 976
1750736028388 15.0 977
1750736069811 15.0 978
1750736077208 15.0 979
1750736084159 15.0 980
1750736091385 15.0 981
1750736139628 15.0 982
1750736146861 15.0 983
1750736153744 15.0 984
1750736160720 15.0 985
1750736185901 15.0 986
1750736189794 15.0 987
1750736193917 15.0 988
1750736198223 15.0 989
1750736213271 15.0 990
1750736215063 15.0 991
1750736445783 15.0 991
1750736496404 16.0 992
1750736504378 16.0 993
1750736512479 16.0 994
1750736519855 16.0 995
1750736559587 16.0 996
1750736567136 16.0 997
1750736574282 16.0 998
1750736582151 16.0 999
1750736627813 16.0 1000
1750736636829 16.0 1001
1750736646501 16.0 1002
1750736655316 16.0 1003
1750736691340 16.0 1004
1750736699081 16.0 1005
1750736706636 16.0 1006
1750736719641 16.0 1007
1750736758334 16.0 1008
1750736767024 16.0 1009
1750736776171 16.0 1010
1750736792406 16.0 1011
1750736825953 16.0 1012
1750736833876 16.0 1013
1750736841640 16.0 1014
1750736859399 16.0 1015
1750736897184 16.0 1016
1750736906041 16.0 1017
1750736914625 16.0 1018
1750736931510 16.0 1019
1750736964698 16.0 1020
1750736971668 16.0 1021
1750736979108 16.0 1022
1750736996968 16.0 1023
1750737033227 16.0 1024
1750737041672 16.0 1025
1750737050634 16.0 1026
1750737069697 16.0 1027
1750737098852 16.0 1028
1750737107067 16.0 1029
1750737114584 16.0 1030
1750737135517 16.0 1031
1750737167555 16.0 1032
1750737176408 16.0 1033
1750737184788 16.0 1034
1750737206736 16.0 1035
1750737235388 16.0 1036
1750737242945 16.0 1037
1750737251169 16.0 1038
1750737274424 16.0 1039
1750737301674 16.0 1040
1750737310133 16.0 1041
1750737318088 16.0 1042
1750737343348 16.0 1043
1750737367406 16.0 1044
1750737374748 16.0 1045
1750737382068 16.0 1046
1750737411228 16.0 1047
1750737432199 16.0 1048
1750737439691 16.0 1049
1750737447288 16.0 1050
1750737471363 16.0 1051
1750737475362 16.0 1052
1750737476786 16.0 1053
1750737687902 16.0 1053
1750737751093 17.0 1054
1750737757945 17.0 1055
1750737765071 17.0 1056
1750737772140 17.0 1057
1750737787415 17.0 1058
1750737795536 17.0 1059
1750737815860 17.0 1060
1750737823394 17.0 1061
1750737850862 17.0 1062
1750737858108 17.0 1063
1750737880814 17.0 1064
1750737888148 17.0 1065
1750737916259 17.0 1066
1750737926052 17.0 1067
1750737952744 17.0 1068
1750737961904 17.0 1069
1750737986964 17.0 1070
1750737994573 17.0 1071
1750738020089 17.0 1072
1750738027344 17.0 1073
1750738054432 17.0 1074
1750738063185 17.0 1075
1750738088497 17.0 1076
1750738097448 17.0 1077
1750738127988 17.0 1078
1750738136031 17.0 1079
1750738155333 17.0 1080
1750738163199 17.0 1081
1750738194715 17.0 1082
1750738202921 17.0 1083
1750738228048 17.0 1084
1750738236480 17.0 1085
1750738265560 17.0 1086
1750738273100 17.0 1087
1750738294900 17.0 1088
1750738301822 17.0 1089
1750738331426 17.0 1090
1750738340192 17.0 1091
1750738368061 17.0 1092
1750738376908 17.0 1093
1750738399916 17.0 1094
1750738407336 17.0 1095
1750738434532 17.0 1096
1750738442579 17.0 1097
1750738464758 17.0 1098
1750738474044 17.0 1099
1750738502673 17.0 1100
1750738513114 17.0 1101
1750738535050 17.0 1102
1750738542753 17.0 1103
1750738569368 17.0 1104
1750738577089 17.0 1105
1750738600176 17.0 1106
1750738608513 17.0 1107
1750738636946 17.0 1108
1750738646715 17.0 1109
1750738671187 17.0 1110
1750738678215 17.0 1111
1750738699095 17.0 1112
1750738705101 17.0 1113
1750738726325 17.0 1114
1750738728644 17.0 1115
1750738944971 17.0 1115
1750739015161 18.0 1116
1750739021014 18.0 1117
1750739025221 18.0 1118
1750739029494 18.0 1119
1750739069409 18.0 1120
1750739076571 18.0 1121
1750739083924 18.0 1122
1750739091088 18.0 1123
1750739136421 18.0 1124
1750739143291 18.0 1125
1750739149819 18.0 1126
1750739156408 18.0 1127
1750739204237 18.0 1128
1750739212689 18.0 1129
1750739220932 18.0 1130
1750739229564 18.0 1131
1750739275201 18.0 1132
1750739283337 18.0 1133
1750739290389 18.0 1134
1750739298223 18.0 1135
1750739342196 18.0 1136
1750739351576 18.0 1137
1750739360421 18.0 1138
1750739368768 18.0 1139
1750739410622 18.0 1140
1750739418258 18.0 1141
1750739425687 18.0 1142
1750739433427 18.0 1143
1750739477256 18.0 1144
1750739485706 18.0 1145
1750739494214 18.0 1146
1750739502841 18.0 1147
1750739547080 18.0 1148
1750739554644 18.0 1149
1750739561932 18.0 1150
1750739569477 18.0 1151
1750739613925 18.0 1152
1750739622801 18.0 1153
1750739631840 18.0 1154
1750739640372 18.0 1155
1750739685917 18.0 1156
1750739693220 18.0 1157
1750739701456 18.0 1158
1750739708917 18.0 1159
1750739752998 18.0 1160
1750739761379 18.0 1161
1750739770058 18.0 1162
1750739778793 18.0 1163
1750739822063 18.0 1164
1750739829312 18.0 1165
1750739836530 18.0 1166
1750739843906 18.0 1167
1750739890007 18.0 1168
1750739898967 18.0 1169
1750739907264 18.0 1170
1750739915280 18.0 1171
1750739952344 18.0 1172
1750739958833 18.0 1173
1750739965608 18.0 1174
1750739972613 18.0 1175
1750739986804 18.0 1176
1750739989389 18.0 1177
1750740186611 18.0 1177
1750740259124 19.0 1178
1750740266651 19.0 1179
1750740273502 19.0 1180
1750740281252 19.0 1181
1750740322144 19.0 1182
1750740326730 19.0 1183
1750740330928 19.0 1184
1750740335600 19.0 1185
1750740360699 19.0 1186
1750740368139 19.0 1187
1750740385291 19.0 1188
1750740392508 19.0 1189
1750740423474 19.0 1190
1750740431204 19.0 1191
1750740451603 19.0 1192
1750740459223 19.0 1193
1750740491602 19.0 1194
1750740500644 19.0 1195
1750740519552 19.0 1196
1750740529454 19.0 1197
1750740560618 19.0 1198
1750740569485 19.0 1199
1750740587604 19.0 1200
1750740595489 19.0 1201
1750740624839 19.0 1202
1750740637248 19.0 1203
1750740657345 19.0 1204
1750740666197 19.0 1205
1750740692126 19.0 1206
1750740708060 19.0 1207
1750740721667 19.0 1208
1750740728992 19.0 1209
1750740757948 19.0 1210
1750740776546 19.0 1211
1750740794065 19.0 1212
1750740803311 19.0 1213
1750740827330 19.0 1214
1750740845924 19.0 1215
1750740861152 19.0 1216
1750740868979 19.0 1217
1750740895916 19.0 1218
1750740915910 19.0 1219
1750740935285 19.0 1220
1750740944184 19.0 1221
1750740963834 19.0 1222
1750740984599 19.0 1223
1750740998977 19.0 1224
1750741006907 19.0 1225
1750741029844 19.0 1226
1750741051762 19.0 1227
1750741071036 19.0 1228
1750741080151 19.0 1229
1750741099929 19.0 1230
1750741122758 19.0 1231
1750741135959 19.0 1232
1750741143676 19.0 1233
1750741166466 19.0 1234
1750741190892 19.0 1235
1750741206822 19.0 1236
1750741214427 19.0 1237
1750741224651 19.0 1238
1750741226139 19.0 1239
1750741425158 19.0 1239
