1750716762968 0.29761597514152527 0
1750716770909 0.26803261041641235 1
1750716778949 0.2683079242706299 2
1750716787036 0.2570834159851074 3
1750716817182 0.26093238592147827 4
1750716825117 0.24923968315124512 5
1750716832667 0.2464611828327179 6
1750716840401 0.23956479132175446 7
1750716876572 0.24948544800281525 8
1750716885036 0.24214358627796173 9
1750716895810 0.24106866121292114 10
1750716903001 0.2365104705095291 11
1750716940853 0.21572309732437134 12
1750716950922 0.22254398465156555 13
1750716964436 0.2275659143924713 14
1750716973708 0.22383317351341248 15
1750717013601 0.20492228865623474 16
1750717023116 0.1960393190383911 17
1750717034331 0.1921014040708542 18
1750717041411 0.20691660046577454 19
1750717077173 0.19296352565288544 20
1750717089027 0.19287066161632538 21
1750717101639 0.19204947352409363 22
1750717110232 0.17469081282615662 23
1750717149297 0.19744333624839783 24
1750717160650 0.1936524212360382 25
1750717168608 0.1808883249759674 26
1750717176311 0.19187140464782715 27
1750717213848 0.20206424593925476 28
1750717226645 0.17655768990516663 29
1750717236267 0.1853133738040924 30
1750717245047 0.1885429173707962 31
1750717283140 0.192461758852005 32
1750717299144 0.19393786787986755 33
1750717306767 0.18493498861789703 34
1750717313984 0.18908312916755676 35
1750717345416 0.18100829422473907 36
1750717368296 0.19463449716567993 37
1750717376883 0.1848621666431427 38
1750717386033 0.17921099066734314 39
1750717417568 0.1841251254081726 40
1750717437610 0.19302265346050262 41
1750717445161 0.19632625579833984 42
1750717452840 0.1870918720960617 43
1750717482523 0.18420054018497467 44
1750717505505 0.18983978033065796 45
1750717514159 0.19538170099258423 46
1750717523239 0.18007519841194153 47
1750717554060 0.18514347076416016 48
1750717575707 0.20063114166259766 49
1750717583164 0.1854538768529892 50
1750717590871 0.1818489283323288 51
1750717616980 0.20128066837787628 52
1750717644133 0.1824972927570343 53
1750717652327 0.18583357334136963 54
1750717660950 0.19494329392910004 55
1750717687556 0.19088353216648102 56
1750717706836 0.18848183751106262 57
1750717713376 0.20066744089126587 58
1750717720102 0.1904245913028717 59
1750717731273 0.1790408194065094 60
1750717733727 0.18118444085121155 61
1750717995063 0.18495731055736542 62
1750718004665 0.1908564269542694 63
1750718013312 0.1767866313457489 64
1750718022232 0.19810070097446442 65
1750718064280 0.1906127631664276 66
1750718072036 0.18142658472061157 67
1750718079314 0.18015693128108978 68
1750718086280 0.178492471575737 69
1750718112350 0.187649205327034 70
1750718118815 0.1946309208869934 71
1750718125873 0.18590304255485535 72
1750718132806 0.18410371243953705 73
1750718155820 0.18906168639659882 74
1750718163287 0.1774231642484665 75
1750718170699 0.19962310791015625 76
1750718178613 0.1901325285434723 77
1750718215583 0.17410868406295776 78
1750718222924 0.19747291505336761 79
1750718230496 0.19692228734493256 80
1750718241227 0.19364389777183533 81
1750718279827 0.19012556970119476 82
1750718288826 0.1873546987771988 83
1750718298332 0.1772015392780304 84
1750718308535 0.1872917264699936 85
1750718351895 0.17802093923091888 86
1750718358971 0.20612487196922302 87
1750718366976 0.18634362518787384 88
1750718377727 0.1808931678533554 89
1750718416660 0.18300840258598328 90
1750718425257 0.18400965631008148 91
1750718434200 0.18288955092430115 92
1750718448216 0.18874391913414001 93
1750718488432 0.1818646490573883 94
1750718496047 0.19370917975902557 95
1750718503604 0.18483208119869232 96
1750718517486 0.1834622174501419 97
1750718553320 0.20155476033687592 98
1750718562255 0.18593087792396545 99
1750718571702 0.18551743030548096 100
1750718584990 0.1850423663854599 101
1750718624448 0.19521309435367584 102
1750718631989 0.18088343739509583 103
1750718639424 0.1982487589120865 104
1750718652404 0.19754210114479065 105
1750718691556 0.1860591173171997 106
1750718700252 0.19482646882534027 107
1750718709225 0.18473799526691437 108
1750718722147 0.1926373541355133 109
1750718761639 0.18053282797336578 110
1750718769075 0.18535250425338745 111
1750718776652 0.18565884232521057 112
1750718788264 0.1938025951385498 113
1750718827382 0.18779896199703217 114
1750718836040 0.19030585885047913 115
1750718845285 0.18069007992744446 116
1750718857324 0.17077161371707916 117
1750718895424 0.17371226847171783 118
1750718902095 0.19240985810756683 119
1750718908558 0.18550172448158264 120
1750718917378 0.19847355782985687 121
1750718932833 0.19149009883403778 122
1750718934868 0.18837279081344604 123
1750719224821 0.1886017918586731 124
1750719233098 0.19475241005420685 125
1750719241112 0.17956700921058655 126
1750719248656 0.19023160636425018 127
1750719290855 0.19395969808101654 128
1750719298397 0.1888352483510971 129
1750719305974 0.18578138947486877 130
1750719314571 0.19476139545440674 131
1750719357374 0.1838189959526062 132
1750719364896 0.17990002036094666 133
1750719372587 0.1798364520072937 134
1750719379952 0.17879638075828552 135
1750719413545 0.19882136583328247 136
1750719422232 0.1781732439994812 137
1750719428676 0.18526911735534668 138
1750719435788 0.1894470453262329 139
1750719453199 0.192205548286438 140
1750719458112 0.189103364944458 141
1750719465316 0.18458357453346252 142
1750719476374 0.18594451248645782 143
1750719502576 0.18049900233745575 144
1750719517720 0.1865711659193039 145
1750719524900 0.1846410185098648 146
1750719541048 0.1981891691684723 147
1750719566130 0.20120148360729218 148
1750719581244 0.18364080786705017 149
1750719588558 0.18050135672092438 150
1750719608940 0.18216341733932495 151
1750719636102 0.18620720505714417 152
1750719652176 0.17932844161987305 153
1750719659520 0.19808056950569153 154
1750719678999 0.18921774625778198 155
1750719703416 0.20236502587795258 156
1750719715537 0.18014885485172272 157
1750719723104 0.18321660161018372 158
1750719744704 0.18543130159378052 159
1750719773826 0.18956908583641052 160
1750719788526 0.17565585672855377 161
1750719796932 0.18513938784599304 162
1750719815849 0.191801518201828 163
1750719840256 0.19774149358272552 164
1750719853087 0.18149647116661072 165
1750719861122 0.18194831907749176 166
1750719882273 0.17958231270313263 167
1750719909661 0.18044495582580566 168
1750719924743 0.18800972402095795 169
1750719932384 0.19115662574768066 170
1750719949895 0.18298669159412384 171
1750719976215 0.18407197296619415 172
1750719989528 0.18786655366420746 173
1750719996919 0.17361217737197876 174
1750720016904 0.19309461116790771 175
1750720047863 0.1883324682712555 176
1750720063556 0.1842336654663086 177
1750720071050 0.17274197936058044 178
1750720086075 0.17318196594715118 179
1750720113817 0.1925765573978424 180
1750720126938 0.18880048394203186 181
1750720134311 0.18420732021331787 182
1750720149378 0.18776459991931915 183
1750720173676 0.1884186714887619 184
1750720176099 0.18761487305164337 185
1750720479126 0.17779026925563812 186
1750720486191 0.19728487730026245 187
1750720493335 0.18612730503082275 188
1750720500255 0.18828421831130981 189
1750720515439 0.17497554421424866 190
1750720522936 0.18313531577587128 191
1750720547046 0.18308919668197632 192
1750720554678 0.1811598688364029 193
1750720580763 0.20102372765541077 194
1750720588437 0.18918831646442413 195
1750720612512 0.199411541223526 196
1750720619936 0.18396906554698944 197
1750720646013 0.1973373144865036 198
1750720655488 0.18761980533599854 199
1750720681580 0.19671382009983063 200
1750720689451 0.18101240694522858 201
1750720712083 0.191382497549057 202
1750720718770 0.17586317658424377 203
1750720737855 0.20811934769153595 204
1750720744219 0.18369828164577484 205
1750720763708 0.18021783232688904 206
1750720770755 0.17910289764404297 207
1750720778687 0.19291096925735474 208
1750720786044 0.18640214204788208 209
1750720807052 0.18394848704338074 210
1750720814536 0.18496133387088776 211
1750720838075 0.19863726198673248 212
1750720846025 0.179049551486969 213
1750720872863 0.18167272210121155 214
1750720880227 0.18214216828346252 215
1750720902687 0.18493761122226715 216
1750720910672 0.1803448647260666 217
1750720944244 0.18164432048797607 218
1750720953231 0.18507923185825348 219
1750720974905 0.19306020438671112 220
1750720982764 0.1781197041273117 221
1750721009330 0.183875173330307 222
1750721016932 0.1892981380224228 223
1750721038073 0.1905965805053711 224
1750721046792 0.17862637341022491 225
1750721077417 0.18715408444404602 226
1750721085620 0.17926861345767975 227
1750721109269 0.18033170700073242 228
1750721116363 0.18629267811775208 229
1750721144763 0.18064673244953156 230
1750721152556 0.19918933510780334 231
1750721173020 0.1829177588224411 232
1750721181351 0.18348971009254456 233
1750721214128 0.18469113111495972 234
1750721222994 0.18328064680099487 235
1750721244685 0.1807859092950821 236
1750721252460 0.18342353403568268 237
1750721284025 0.19852331280708313 238
1750721291608 0.1845552623271942 239
1750721307186 0.18767185509204865 240
1750721315732 0.18133267760276794 241
1750721352004 0.19245468080043793 242
1750721359256 0.17517217993736267 243
1750721372769 0.18330605328083038 244
1750721379162 0.17682814598083496 245
1750721390579 0.17866677045822144 246
1750721392962 0.19655567407608032 247
1750721720903 0.19240745902061462 248
1750721728813 0.18650929629802704 249
1750721735869 0.18506383895874023 250
1750721742371 0.18475767970085144 251
1750721764801 0.19938117265701294 252
1750721773054 0.17667901515960693 253
1750721781425 0.1922951340675354 254
1750721786365 0.18332014977931976 255
1750721812623 0.18250222504138947 256
1750721820509 0.1965532898902893 257
1750721827954 0.1925574392080307 258
1750721841076 0.19654309749603271 259
1750721874942 0.18179954588413239 260
1750721884483 0.1856142282485962 261
1750721891966 0.1953495442867279 262
1750721903372 0.17939667403697968 263
1750721936661 0.19075080752372742 264
1750721950760 0.1869417130947113 265
1750721960189 0.18370020389556885 266
1750721973783 0.18503431975841522 267
1750722004360 0.18375205993652344 268
1750722016346 0.17419031262397766 269
1750722022920 0.19042177498340607 270
1750722032592 0.1831246018409729 271
1750722052030 0.17684394121170044 272
1750722068977 0.19492043554782867 273
1750722076167 0.18382661044597626 274
1750722091767 0.18957503139972687 275
1750722099104 0.18666470050811768 276
1750722113669 0.1873939037322998 277
1750722121966 0.18848086893558502 278
1750722156516 0.18467900156974792 279
1750722164101 0.16712047159671783 280
1750722179237 0.1836136281490326 281
1750722187183 0.18917232751846313 282
1750722222983 0.17653276026248932 283
1750722231489 0.2006002962589264 284
1750722246976 0.17800372838974 285
1750722256371 0.18839043378829956 286
1750722292893 0.17804880440235138 287
1750722300795 0.18476171791553497 288
1750722313888 0.1981639266014099 289
1750722321856 0.1859946846961975 290
1750722359712 0.1800222396850586 291
1750722368600 0.1828305870294571 292
1750722380944 0.18949727714061737 293
1750722389685 0.18885156512260437 294
1750722429871 0.19286595284938812 295
1750722437454 0.1741030216217041 296
1750722446437 0.1885834038257599 297
1750722454970 0.18237905204296112 298
1750722496225 0.1787409484386444 299
1750722504886 0.18796585500240326 300
1750722514587 0.18902996182441711 301
1750722523501 0.17260602116584778 302
1750722566461 0.1793268471956253 303
1750722574127 0.18017542362213135 304
1750722581832 0.17847608029842377 305
1750722588386 0.181651309132576 306
1750722610999 0.1825147271156311 307
1750722615921 0.1832324117422104 308
1750722618576 0.19168749451637268 309
1750722949232 0.17136593163013458 310
1750722956940 0.18198293447494507 311
1750722964088 0.18950329720973969 312
1750722971616 0.18155349791049957 313
1750723013510 0.18247820436954498 314
1750723021151 0.18648096919059753 315
1750723029643 0.18628624081611633 316
1750723037085 0.1954875886440277 317
1750723076656 0.18635113537311554 318
1750723080889 0.18840722739696503 319
1750723085843 0.18344759941101074 320
1750723092243 0.18701782822608948 321
1750723120434 0.1940416395664215 322
1750723127432 0.18643324077129364 323
1750723134928 0.17701882123947144 324
1750723142278 0.19124796986579895 325
1750723168974 0.1854735165834427 326
1750723176596 0.18306736648082733 327
1750723184144 0.1868397444486618 328
1750723191783 0.18999040126800537 329
1750723233116 0.18423593044281006 330
1750723240127 0.1886340081691742 331
1750723247847 0.19146904349327087 332
1750723255531 0.18531107902526855 333
1750723301669 0.19350555539131165 334
1750723309607 0.19132530689239502 335
1750723316680 0.1936693787574768 336
1750723324225 0.18874311447143555 337
1750723362718 0.18992361426353455 338
1750723369109 0.19074638187885284 339
1750723373274 0.18200819194316864 340
1750723378111 0.17057234048843384 341
1750723416207 0.17973007261753082 342
1750723422986 0.18144138157367706 343
1750723429522 0.180294930934906 344
1750723437484 0.19776469469070435 345
1750723478044 0.1746530532836914 346
1750723485727 0.17905019223690033 347
1750723493077 0.18695467710494995 348
1750723500629 0.17657266557216644 349
1750723544934 0.1863783299922943 350
1750723553367 0.18506571650505066 351
1750723561984 0.18407747149467468 352
1750723570600 0.1795448660850525 353
1750723613276 0.18727535009384155 354
1750723620664 0.18290765583515167 355
1750723628374 0.18269121646881104 356
1750723635984 0.18830443918704987 357
1750723678239 0.18606117367744446 358
1750723687057 0.17750243842601776 359
1750723695320 0.1907764971256256 360
1750723703604 0.18390722572803497 361
1750723749468 0.19710639119148254 362
1750723757369 0.18495845794677734 363
1750723764236 0.1887606382369995 364
1750723771249 0.18577799201011658 365
1750723792850 0.18274371325969696 366
1750723800193 0.18233343958854675 367
1750723807412 0.180500790476799 368
1750723814788 0.175636425614357 369
1750723847191 0.17846478521823883 370
1750723849586 0.17844906449317932 371
1750724180351 0.18322789669036865 372
1750724189625 0.18330667912960052 373
1750724198671 0.1825147420167923 374
1750724207656 0.19729498028755188 375
1750724248703 0.1872946172952652 376
1750724255929 0.1768438071012497 377
1750724263100 0.18390870094299316 378
1750724269674 0.1961124986410141 379
1750724312020 0.183129221200943 380
1750724320116 0.18669377267360687 381
1750724328045 0.18330107629299164 382
1750724335969 0.18176758289337158 383
1750724367961 0.18052634596824646 384
1750724372131 0.18487587571144104 385
1750724376701 0.17743700742721558 386
1750724383114 0.18682512640953064 387
1750724410224 0.19206427037715912 388
1750724428201 0.18668483197689056 389
1750724435352 0.1685383915901184 390
1750724442950 0.18734866380691528 391
1750724455634 0.19179637730121613 392
1750724486487 0.18667112290859222 393
1750724494520 0.1953282356262207 394
1750724502043 0.1772526502609253 395
1750724518400 0.1853581815958023 396
1750724549530 0.17746403813362122 397
1750724557411 0.181588813662529 398
1750724566224 0.18710312247276306 399
1750724586988 0.18232831358909607 400
1750724619370 0.17951488494873047 401
1750724627359 0.1827717423439026 402
1750724634658 0.1810358464717865 403
1750724650284 0.17599213123321533 404
1750724678214 0.187952920794487 405
1750724684962 0.18974265456199646 406
1750724691774 0.18831586837768555 407
1750724698960 0.19588449597358704 408
1750724736736 0.18925882875919342 409
1750724744287 0.1846131533384323 410
1750724751607 0.17632314562797546 411
1750724759376 0.1840895414352417 412
1750724801920 0.18107843399047852 413
1750724809885 0.19671118259429932 414
1750724817089 0.18186521530151367 415
1750724824332 0.1790076643228531 416
1750724871448 0.1904136836528778 417
1750724880314 0.18127045035362244 418
1750724888532 0.18264815211296082 419
1750724896588 0.1865672767162323 420
1750724938060 0.1876220852136612 421
1750724945460 0.18345709145069122 422
1750724953228 0.18441376090049744 423
1750724960895 0.17741608619689941 424
1750725008264 0.17521196603775024 425
1750725016682 0.18551018834114075 426
1750725024536 0.18667888641357422 427
1750725031624 0.18521125614643097 428
1750725058900 0.1731780618429184 429
1750725065177 0.18304966390132904 430
1750725070413 0.18549199402332306 431
1750725076894 0.19092696905136108 432
1750725079280 0.2062203288078308 433
1750725409031 0.1891689896583557 434
1750725416637 0.18598689138889313 435
1750725424052 0.18666605651378632 436
1750725431827 0.1854177564382553 437
1750725473444 0.1939656287431717 438
1750725482186 0.18021637201309204 439
1750725490645 0.1734754741191864 440
1750725500092 0.18525120615959167 441
1750725542777 0.19856151938438416 442
1750725550091 0.18119503557682037 443
1750725557449 0.18841224908828735 444
1750725565032 0.1676502674818039 445
1750725600189 0.18323925137519836 446
1750725607464 0.17842698097229004 447
1750725615164 0.1906144618988037 448
1750725623116 0.18236644566059113 449
1750725662787 0.18038536608219147 450
1750725669267 0.17888464033603668 451
1750725675804 0.18955335021018982 452
1750725682406 0.17831042408943176 453
1750725714314 0.19290558993816376 454
1750725720155 0.18163378536701202 455
1750725730638 0.18800246715545654 456
1750725737676 0.1954345405101776 457
1750725749869 0.18271733820438385 458
1750725767778 0.18834108114242554 459
1750725775568 0.1822088062763214 460
1750725783163 0.17803500592708588 461
1750725807079 0.19188234210014343 462
1750725831928 0.19343894720077515 463
1750725839446 0.18244849145412445 464
1750725847063 0.18502584099769592 465
1750725870393 0.1840435266494751 466
1750725898831 0.19229863584041595 467
1750725908727 0.17822372913360596 468
1750725917936 0.1771649420261383 469
1750725937209 0.18858441710472107 470
1750725962208 0.18905073404312134 471
1750725969161 0.1771315336227417 472
1750725975719 0.18294303119182587 473
1750725990590 0.18051132559776306 474
1750726016868 0.19807052612304688 475
1750726024485 0.1896267980337143 476
1750726031975 0.18236736953258514 477
1750726040569 0.17697592079639435 478
1750726079629 0.18521817028522491 479
1750726088698 0.17214420437812805 480
1750726096237 0.19592368602752686 481
1750726103821 0.18743754923343658 482
1750726141662 0.18033118546009064 483
1750726153909 0.1823766678571701 484
1750726162897 0.18365339934825897 485
1750726171711 0.18295538425445557 486
1750726213612 0.19060243666172028 487
1750726223343 0.1824840009212494 488
1750726230281 0.19016854465007782 489
1750726236862 0.18229280412197113 490
1750726276268 0.17956732213497162 491
1750726284158 0.17129532992839813 492
1750726288913 0.18587008118629456 493
1750726295852 0.1738421469926834 494
1750726298364 0.18797436356544495 495
1750726628936 0.1824485957622528 496
1750726638167 0.17919594049453735 497
1750726647265 0.17881852388381958 498
1750726656109 0.18008947372436523 499
1750726703803 0.17858284711837769 500
1750726710481 0.17693981528282166 501
1750726718189 0.18386530876159668 502
1750726725942 0.18052271008491516 503
1750726768405 0.1957392692565918 504
1750726776798 0.18459273874759674 505
1750726785082 0.17835456132888794 506
1750726793812 0.17037169635295868 507
1750726839555 0.1887940764427185 508
1750726846976 0.18226614594459534 509
1750726854711 0.18221478164196014 510
1750726862293 0.19680069386959076 511
1750726905980 0.18837782740592957 512
1750726912752 0.1906922310590744 513
1750726920032 0.1797056496143341 514
1750726927890 0.1783968210220337 515
1750726965849 0.18091550469398499 516
1750726973088 0.1902368813753128 517
1750726980217 0.18377870321273804 518
1750726986746 0.19025827944278717 519
1750727022115 0.18260249495506287 520
1750727028570 0.1935320943593979 521
1750727034994 0.18739786744117737 522
1750727041928 0.19229361414909363 523
1750727054705 0.1890944242477417 524
1750727061809 0.1918974369764328 525
1750727069144 0.1616230607032776 526
1750727076737 0.19599659740924835 527
1750727112124 0.17733797430992126 528
1750727120004 0.19503960013389587 529
1750727127613 0.18935054540634155 530
1750727135523 0.18766742944717407 531
1750727175283 0.1818360686302185 532
1750727183322 0.18878129124641418 533
1750727192287 0.18624448776245117 534
1750727201330 0.17898911237716675 535
1750727245055 0.1919417381286621 536
1750727252462 0.1930917501449585 537
1750727259903 0.19216197729110718 538
1750727266740 0.1806183010339737 539
1750727304332 0.1874932199716568 540
1750727311486 0.17918550968170166 541
1750727318540 0.17358240485191345 542
1750727323474 0.18740494549274445 543
1750727360200 0.1860816925764084 544
1750727368198 0.17637190222740173 545
1750727375719 0.18547973036766052 546
1750727383088 0.17856170237064362 547
1750727422968 0.18684521317481995 548
1750727430660 0.16975222527980804 549
1750727438151 0.19134557247161865 550
1750727445725 0.18306021392345428 551
1750727487269 0.18169909715652466 552
1750727494137 0.18486952781677246 553
1750727501439 0.17929381132125854 554
1750727508277 0.17992424964904785 555
1750727539019 0.16771650314331055 556
1750727541365 0.21124419569969177 557
1750727863910 0.18610993027687073 558
1750727871538 0.18491536378860474 559
1750727879203 0.1823657751083374 560
1750727886787 0.177799254655838 561
1750727930352 0.18451818823814392 562
1750727938837 0.1827748417854309 563
1750727948224 0.1898990273475647 564
1750727956645 0.1866965889930725 565
1750727999314 0.17573119699954987 566
1750728006704 0.18444466590881348 567
1750728014087 0.1913989782333374 568
1750728021637 0.19314207136631012 569
1750728066294 0.182266503572464 570
1750728074456 0.17618556320667267 571
1750728083412 0.18143075704574585 572
1750728092525 0.18571770191192627 573
1750728137454 0.1879231482744217 574
1750728145149 0.1869128793478012 575
1750728152590 0.19707141816616058 576
1750728160971 0.18076497316360474 577
1750728202013 0.19729778170585632 578
1750728209945 0.18114835023880005 579
1750728217985 0.18549799919128418 580
1750728225987 0.18237103521823883 581
1750728266815 0.18237268924713135 582
1750728274596 0.17725586891174316 583
1750728281133 0.18933448195457458 584
1750728287808 0.1794537454843521 585
1750728318263 0.19028493762016296 586
1750728325134 0.1780664026737213 587
1750728330834 0.19395150244235992 588
1750728337507 0.18877476453781128 589
1750728357044 0.18634025752544403 590
1750728364403 0.18913313746452332 591
1750728372164 0.19328507781028748 592
1750728380560 0.18073533475399017 593
1750728419099 0.17989882826805115 594
1750728427751 0.18123716115951538 595
1750728435219 0.19099298119544983 596
1750728442871 0.173165962100029 597
1750728483944 0.1847459226846695 598
1750728492948 0.1830286681652069 599
1750728501780 0.18945787847042084 600
1750728511468 0.17504985630512238 601
1750728553733 0.17882603406906128 602
1750728561146 0.18271902203559875 603
1750728568025 0.1870669275522232 604
1750728574556 0.18085436522960663 605
1750728607553 0.17939062416553497 606
1750728614605 0.17687220871448517 607
1750728621717 0.18367117643356323 608
1750728632156 0.18334928154945374 609
1750728642708 0.18363657593727112 610
1750728658439 0.18607094883918762 611
1750728665884 0.17838917672634125 612
1750728697259 0.18405254185199738 613
1750728707408 0.18151800334453583 614
1750728721449 0.18276341259479523 615
1750728728142 0.18113726377487183 616
1750728746804 0.17889012396335602 617
1750728753791 0.17914211750030518 618
1750728756405 0.17678280174732208 619
1750729093067 0.20025065541267395 620
1750729100581 0.17922760546207428 621
1750729108491 0.18800397217273712 622
1750729116060 0.18613430857658386 623
1750729161483 0.18656320869922638 624
1750729170294 0.1818273812532425 625
1750729179582 0.18464329838752747 626
1750729188403 0.19096384942531586 627
1750729229680 0.17854158580303192 628
1750729236838 0.18557095527648926 629
1750729244587 0.1860407441854477 630
1750729252651 0.18363094329833984 631
1750729295944 0.18185973167419434 632
1750729304630 0.17525799572467804 633
1750729313958 0.187064528465271 634
1750729322677 0.1932058185338974 635
1750729364001 0.1886528879404068 636
1750729371546 0.18567082285881042 637
1750729379056 0.18088048696517944 638
1750729386743 0.18141449987888336 639
1750729432059 0.18964125216007233 640
1750729441122 0.18334412574768066 641
1750729449539 0.18591982126235962 642
1750729457824 0.18615078926086426 643
1750729498589 0.18825900554656982 644
1750729506316 0.18922318518161774 645
1750729513899 0.18881526589393616 646
1750729521897 0.18674874305725098 647
1750729562386 0.1872849464416504 648
1750729570504 0.18769195675849915 649
1750729578790 0.18062430620193481 650
1750729586716 0.17220617830753326 651
1750729621377 0.17924560606479645 652
1750729627507 0.1834300458431244 653
1750729634009 0.17539048194885254 654
1750729639848 0.19421321153640747 655
1750729667287 0.1809600293636322 656
1750729674361 0.17113511264324188 657
1750729681318 0.1806912124156952 658
1750729689012 0.1999119073152542 659
1750729722054 0.1791492998600006 660
1750729730186 0.18315540254116058 661
1750729737651 0.188101664185524 662
1750729744911 0.17250289022922516 663
1750729785736 0.19318512082099915 664
1750729793514 0.17733092606067657 665
1750729801177 0.17908881604671478 666
1750729809972 0.18596500158309937 667
1750729855836 0.19351264834403992 668
1750729863829 0.1722942739725113 669
1750729871255 0.18565060198307037 670
1750729878731 0.16881760954856873 671
1750729917268 0.18326586484909058 672
1750729923758 0.177676722407341 673
1750729930368 0.18273496627807617 674
1750729935346 0.17323847115039825 675
1750729957117 0.17666985094547272 676
1750729961335 0.18215718865394592 677
1750729965799 0.17731642723083496 678
1750729970010 0.18543629348278046 679
1750729993466 0.19252173602581024 680
1750729995897 0.20874229073524475 681
1750730329008 0.17077648639678955 682
1750730338253 0.18141111731529236 683
1750730345983 0.1964259147644043 684
1750730353704 0.18494649231433868 685
1750730393862 0.19102543592453003 686
1750730401433 0.18118245899677277 687
1750730410711 0.191486656665802 688
1750730419753 0.18016070127487183 689
1750730460660 0.19740456342697144 690
1750730469540 0.17327576875686646 691
1750730477867 0.1845065802335739 692
1750730484920 0.17706264555454254 693
1750730524293 0.18304193019866943 694
1750730532841 0.18013423681259155 695
1750730540919 0.1747671514749527 696
1750730550148 0.18698959052562714 697
1750730593385 0.18147236108779907 698
1750730603935 0.18646036088466644 699
1750730612609 0.17341910302639008 700
1750730620330 0.1973395049571991 701
1750730657156 0.17973005771636963 702
1750730668240 0.18929418921470642 703
1750730675876 0.19477778673171997 704
1750730684714 0.16899992525577545 705
1750730727291 0.17798858880996704 706
1750730740705 0.17845849692821503 707
1750730749028 0.18082453310489655 708
1750730756636 0.1920996904373169 709
1750730793068 0.1761564314365387 710
1750730808595 0.17758169770240784 711
1750730816142 0.19304881989955902 712
1750730824968 0.17980732023715973 713
1750730862975 0.17739208042621613 714
1750730877928 0.18315045535564423 715
1750730885508 0.18918389081954956 716
1750730892008 0.1739172339439392 717
1750730919096 0.18665829300880432 718
1750730938869 0.17685361206531525 719
1750730945354 0.17948603630065918 720
1750730951631 0.1867496371269226 721
1750730958655 0.1844593584537506 722
1750730980553 0.17634887993335724 723
1750730987585 0.1769879162311554 724
1750730995121 0.18582294881343842 725
1750731002995 0.1778312623500824 726
1750731043921 0.19091396033763885 727
1750731052061 0.19252875447273254 728
1750731060266 0.2009110003709793 729
1750731067496 0.19420932233333588 730
1750731109904 0.19100801646709442 731
1750731118546 0.1823493242263794 732
1750731127588 0.19403041899204254 733
1750731136283 0.18516746163368225 734
1750731177839 0.17951306700706482 735
1750731184849 0.18451592326164246 736
1750731191340 0.16920296847820282 737
1750731197778 0.19608338177204132 738
1750731224855 0.170864537358284 739
1750731229022 0.182746022939682 740
1750731233128 0.18749448657035828 741
1750731238018 0.1869880110025406 742
1750731240400 0.20046170055866241 743
1750731566400 0.17380233108997345 744
1750731574073 0.19523577392101288 745
1750731581416 0.18697232007980347 746
1750731588718 0.1856776922941208 747
1750731632388 0.18845617771148682 748
1750731640654 0.18425892293453217 749
1750731649868 0.1842222809791565 750
1750731658733 0.18353506922721863 751
1750731698876 0.17864727973937988 752
1750731706491 0.1809769719839096 753
1750731713557 0.18583814799785614 754
1750731721368 0.1729952096939087 755
1750731766692 0.1868954598903656 756
1750731775568 0.1688096672296524 757
1750731783760 0.17890289425849915 758
1750731793079 0.17634724080562592 759
1750731834671 0.18428941071033478 760
1750731841835 0.18601477146148682 761
1750731849100 0.20833225548267365 762
1750731856341 0.20110391080379486 763
1750731904670 0.18832004070281982 764
1750731913268 0.17836938798427582 765
1750731922739 0.1810327172279358 766
1750731931506 0.1765642911195755 767
1750731973995 0.18152260780334473 768
1750731981250 0.18541161715984344 769
1750731988673 0.19279849529266357 770
1750731995899 0.17749053239822388 771
1750732042283 0.1989290416240692 772
1750732052127 0.17766079306602478 773
1750732061053 0.17469455301761627 774
1750732069711 0.1794194132089615 775
1750732111133 0.18702322244644165 776
1750732118405 0.18628591299057007 777
1750732126156 0.18257781863212585 778
1750732133583 0.18409712612628937 779
1750732174747 0.18452854454517365 780
1750732182961 0.193086639046669 781
1750732190934 0.18085727095603943 782
1750732199169 0.1804179698228836 783
1750732229668 0.17478720843791962 784
1750732234517 0.18733707070350647 785
1750732240217 0.18917535245418549 786
1750732246675 0.18928605318069458 787
1750732263007 0.1909741759300232 788
1750732270320 0.18817594647407532 789
1750732290187 0.18813449144363403 790
1750732297180 0.18932202458381653 791
1750732304567 0.18662500381469727 792
1750732311293 0.17820346355438232 793
1750732334860 0.1785275936126709 794
1750732342605 0.17867478728294373 795
1750732351492 0.18704774975776672 796
1750732358984 0.16940954327583313 797
1750732398804 0.18280939757823944 798
1750732406367 0.19745157659053802 799
1750732415178 0.1784568428993225 800
1750732422687 0.18758749961853027 801
1750732462966 0.18135344982147217 802
1750732469913 0.17284353077411652 803
1750732476522 0.1793385148048401 804
1750732478980 0.16352440416812897 805
1750732785729 0.18338508903980255 806
1750732794363 0.17988482117652893 807
1750732803606 0.18227311968803406 808
1750732812088 0.19018012285232544 809
1750732854996 0.17566294968128204 810
1750732862237 0.1791483610868454 811
1750732869807 0.18581417202949524 812
1750732877167 0.18988043069839478 813
1750732920748 0.16521920263767242 814
1750732929656 0.1837385594844818 815
1750732938472 0.1828727275133133 816
1750732946891 0.17791447043418884 817
1750732991545 0.17692460119724274 818
1750732999144 0.18744704127311707 819
1750733007328 0.1820017248392105 820
1750733015014 0.184747114777565 821
1750733056774 0.18806388974189758 822
1750733065912 0.1703915148973465 823
1750733074596 0.17502617835998535 824
1750733084459 0.18733030557632446 825
1750733130303 0.18705816566944122 826
1750733137748 0.18417158722877502 827
1750733145579 0.1832231730222702 828
1750733153386 0.17502504587173462 829
1750733197409 0.1948653906583786 830
1750733206173 0.17626821994781494 831
1750733214397 0.18226073682308197 832
1750733223040 0.19667136669158936 833
1750733265170 0.18330062925815582 834
1750733272475 0.18341794610023499 835
1750733280330 0.17762501537799835 836
1750733287521 0.17927029728889465 837
1750733328693 0.18686139583587646 838
1750733337771 0.18745075166225433 839
1750733346090 0.1780742108821869 840
1750733354199 0.18613465130329132 841
1750733399275 0.17436106503009796 842
1750733406552 0.18840433657169342 843
1750733413937 0.18528947234153748 844
1750733421355 0.17972828447818756 845
1750733462617 0.19699907302856445 846
1750733471260 0.1976272612810135 847
1750733479411 0.1838231086730957 848
1750733488646 0.19637653231620789 849
1750733527661 0.18580803275108337 850
1750733534040 0.17799349129199982 851
1750733540693 0.18856409192085266 852
1750733546526 0.17758092284202576 853
1750733585945 0.17140410840511322 854
1750733592364 0.17151783406734467 855
1750733599179 0.18092098832130432 856
1750733606089 0.18745827674865723 857
1750733628692 0.18759416043758392 858
1750733636744 0.18391425907611847 859
1750733644366 0.18394961953163147 860
1750733652118 0.18744321167469025 861
1750733689143 0.19541046023368835 862
1750733695646 0.18471191823482513 863
1750733702167 0.1872166395187378 864
1750733708733 0.19633936882019043 865
1750733728016 0.18543283641338348 866
1750733730675 0.18451552093029022 867
1750734029264 0.18028080463409424 868
1750734036804 0.19111402332782745 869
1750734044079 0.1909809112548828 870
1750734051411 0.18884146213531494 871
1750734097061 0.18484513461589813 872
1750734105732 0.18134309351444244 873
1750734113928 0.1733018457889557 874
1750734122599 0.18808721005916595 875
1750734166477 0.18112468719482422 876
1750734173836 0.1726662516593933 877
1750734181501 0.18255901336669922 878
1750734188914 0.1825532168149948 879
1750734229780 0.1842375546693802 880
1750734238123 0.18178072571754456 881
1750734246762 0.18213880062103271 882
1750734255487 0.17174603044986725 883
1750734298667 0.1807546615600586 884
1750734306027 0.18717585504055023 885
1750734313090 0.1932150274515152 886
1750734321319 0.17583708465099335 887
1750734366661 0.19225820899009705 888
1750734375154 0.18696635961532593 889
1750734384517 0.1844727247953415 890
1750734393736 0.17265328764915466 891
1750734436872 0.19104672968387604 892
1750734444461 0.18382097780704498 893
1750734451680 0.19083213806152344 894
1750734459237 0.18304157257080078 895
1750734504725 0.18173202872276306 896
1750734513632 0.17322733998298645 897
1750734522406 0.19605746865272522 898
1750734531145 0.18547770380973816 899
1750734573304 0.1923326849937439 900
1750734580689 0.18607592582702637 901
1750734588004 0.1854427456855774 902
1750734595414 0.1772887110710144 903
1750734640258 0.1917470395565033 904
1750734648772 0.18602144718170166 905
1750734658194 0.19309845566749573 906
1750734666936 0.19019877910614014 907
1750734708187 0.1831498146057129 908
1750734716414 0.17651145160198212 909
1750734723716 0.18754950165748596 910
1750734731374 0.1788139045238495 911
1750734772107 0.19155153632164001 912
1750734779626 0.1875578761100769 913
1750734787879 0.1826247125864029 914
1750734796332 0.17994989454746246 915
1750734835824 0.18112093210220337 916
1750734842215 0.18641804158687592 917
1750734848639 0.18861114978790283 918
1750734854526 0.1858694851398468 919
1750734880517 0.18338614702224731 920
1750734897424 0.1770077794790268 921
1750734904310 0.18681776523590088 922
1750734910182 0.1697942614555359 923
1750734916595 0.1738395094871521 924
1750734944885 0.19353488087654114 925
1750734950251 0.17696191370487213 926
1750734954352 0.17117458581924438 927
1750734958495 0.1898317039012909 928
1750734962005 0.1843854784965515 929
1750735241148 0.19298654794692993 930
1750735249260 0.18255867063999176 931
1750735256648 0.18074853718280792 932
1750735264302 0.18567998707294464 933
1750735312164 0.18987725675106049 934
1750735321759 0.18830816447734833 935
1750735330516 0.177033469080925 936
1750735339072 0.18593840301036835 937
1750735380239 0.18272921442985535 938
1750735387630 0.1877754181623459 939
1750735395115 0.18397080898284912 940
1750735403143 0.18021903932094574 941
1750735446269 0.1763966679573059 942
1750735454307 0.18355143070220947 943
1750735463454 0.1754479706287384 944
1750735471516 0.18134337663650513 945
1750735517100 0.17521598935127258 946
1750735525031 0.1790948361158371 947
1750735533176 0.1796552538871765 948
1750735540666 0.19245360791683197 949
1750735586869 0.17246660590171814 950
1750735596077 0.18397119641304016 951
1750735605099 0.17966659367084503 952
1750735614248 0.19655320048332214 953
1750735655020 0.17920269072055817 954
1750735663109 0.1823272705078125 955
1750735670671 0.1810123771429062 956
1750735678239 0.19012649357318878 957
1750735725859 0.1777135729789734 958
1750735735292 0.18151403963565826 959
1750735744660 0.1774037778377533 960
1750735753030 0.1814572513103485 961
1750735792417 0.18464916944503784 962
1750735800126 0.17988348007202148 963
1750735807978 0.18673959374427795 964
1750735815716 0.1914271116256714 965
1750735863804 0.18645364046096802 966
1750735872072 0.19485421478748322 967
1750735880939 0.17968586087226868 968
1750735889436 0.18304705619812012 969
1750735933192 0.18692739307880402 970
1750735940900 0.18157798051834106 971
1750735948675 0.18238486349582672 972
1750735956002 0.19123007357120514 973
1750736003500 0.17660215497016907 974
1750736012600 0.18874289095401764 975
1750736021118 0.1770404428243637 976
1750736028388 0.18119613826274872 977
1750736069811 0.18770983815193176 978
1750736077208 0.18689826130867004 979
1750736084159 0.18585893511772156 980
1750736091385 0.17996957898139954 981
1750736139628 0.1751164197921753 982
1750736146861 0.18122746050357819 983
1750736153744 0.18310457468032837 984
1750736160720 0.18489255011081696 985
1750736185901 0.177373006939888 986
1750736189794 0.18846425414085388 987
1750736193917 0.18762680888175964 988
1750736198223 0.19282831251621246 989
1750736213271 0.1898186057806015 990
1750736215063 0.19206735491752625 991
1750736496404 0.18303854763507843 992
1750736504378 0.1907494068145752 993
1750736512479 0.1807890087366104 994
1750736519855 0.18855416774749756 995
1750736559587 0.19031664729118347 996
1750736567136 0.1799611747264862 997
1750736574282 0.19185347855091095 998
1750736582151 0.1698521077632904 999
1750736627813 0.188606858253479 1000
1750736636829 0.18034572899341583 1001
1750736646501 0.17425110936164856 1002
1750736655316 0.18047396838665009 1003
1750736691340 0.18599143624305725 1004
1750736699081 0.17372764647006989 1005
1750736706636 0.17567092180252075 1006
1750736719641 0.1991797834634781 1007
1750736758334 0.17143787443637848 1008
1750736767024 0.1739511489868164 1009
1750736776171 0.19355367124080658 1010
1750736792406 0.18343257904052734 1011
1750736825953 0.17427940666675568 1012
1750736833876 0.1800956428050995 1013
1750736841640 0.1793336272239685 1014
1750736859399 0.18762153387069702 1015
1750736897184 0.17980073392391205 1016
1750736906041 0.18460802733898163 1017
1750736914625 0.1821741759777069 1018
1750736931510 0.1957114040851593 1019
1750736964698 0.1796550452709198 1020
1750736971668 0.18354034423828125 1021
1750736979108 0.19355268776416779 1022
1750736996968 0.19239915907382965 1023
1750737033227 0.17564475536346436 1024
1750737041672 0.1918865293264389 1025
1750737050634 0.1882757842540741 1026
1750737069697 0.18020738661289215 1027
1750737098852 0.18987463414669037 1028
1750737107067 0.18422459065914154 1029
1750737114584 0.18995219469070435 1030
1750737135517 0.17776930332183838 1031
1750737167555 0.16839143633842468 1032
1750737176408 0.18944494426250458 1033
1750737184788 0.17871087789535522 1034
1750737206736 0.19985058903694153 1035
1750737235388 0.18378117680549622 1036
1750737242945 0.17668598890304565 1037
1750737251169 0.19343872368335724 1038
1750737274424 0.18096154928207397 1039
1750737301674 0.17877790331840515 1040
1750737310133 0.19103656709194183 1041
1750737318088 0.18330764770507812 1042
1750737343348 0.1907857358455658 1043
1750737367406 0.1863352656364441 1044
1750737374748 0.17770850658416748 1045
1750737382068 0.18378359079360962 1046
1750737411228 0.17632335424423218 1047
1750737432199 0.18225863575935364 1048
1750737439691 0.18198427557945251 1049
1750737447288 0.17741984128952026 1050
1750737471363 0.1883297860622406 1051
1750737475362 0.19023382663726807 1052
1750737476786 0.17310111224651337 1053
1750737751093 0.18917204439640045 1054
1750737757945 0.17683395743370056 1055
1750737765071 0.18369857966899872 1056
1750737772140 0.18164099752902985 1057
1750737787415 0.19551819562911987 1058
1750737795536 0.1814432293176651 1059
1750737815860 0.1737571805715561 1060
1750737823394 0.1809587925672531 1061
1750737850862 0.19066737592220306 1062
1750737858108 0.17975907027721405 1063
1750737880814 0.18886707723140717 1064
1750737888148 0.1903011053800583 1065
1750737916259 0.18539047241210938 1066
1750737926052 0.17924240231513977 1067
1750737952744 0.1837933361530304 1068
1750737961904 0.1628824919462204 1069
1750737986964 0.17567063868045807 1070
1750737994573 0.1777913123369217 1071
1750738020089 0.17572970688343048 1072
1750738027344 0.17934349179267883 1073
1750738054432 0.18730106949806213 1074
1750738063185 0.1818118393421173 1075
1750738088497 0.17424768209457397 1076
1750738097448 0.1830940842628479 1077
1750738127988 0.18698596954345703 1078
1750738136031 0.17754359543323517 1079
1750738155333 0.1773168444633484 1080
1750738163199 0.1841108351945877 1081
1750738194715 0.17924271523952484 1082
1750738202921 0.18056873977184296 1083
1750738228048 0.19605867564678192 1084
1750738236480 0.18041759729385376 1085
1750738265560 0.19232285022735596 1086
1750738273100 0.1786850094795227 1087
1750738294900 0.17652970552444458 1088
1750738301822 0.19529670476913452 1089
1750738331426 0.19483985006809235 1090
1750738340192 0.18581171333789825 1091
1750738368061 0.1851176619529724 1092
1750738376908 0.18469148874282837 1093
1750738399916 0.16598732769489288 1094
1750738407336 0.19428157806396484 1095
1750738434532 0.18766888976097107 1096
1750738442579 0.182896226644516 1097
1750738464758 0.17594727873802185 1098
1750738474044 0.1906428337097168 1099
1750738502673 0.18728142976760864 1100
1750738513114 0.17632444202899933 1101
1750738535050 0.1826818883419037 1102
1750738542753 0.19687877595424652 1103
1750738569368 0.1778394728899002 1104
1750738577089 0.19191023707389832 1105
1750738600176 0.1971651017665863 1106
1750738608513 0.19313079118728638 1107
1750738636946 0.1914922595024109 1108
1750738646715 0.17702911794185638 1109
1750738671187 0.1807369887828827 1110
1750738678215 0.17598313093185425 1111
1750738699095 0.19518661499023438 1112
1750738705101 0.18949612975120544 1113
1750738726325 0.17903567850589752 1114
1750738728644 0.17169159650802612 1115
1750739015161 0.1858879029750824 1116
1750739021014 0.17920590937137604 1117
1750739025221 0.17999254167079926 1118
1750739029494 0.17549651861190796 1119
1750739069409 0.17982064187526703 1120
1750739076571 0.20101900398731232 1121
1750739083924 0.19653558731079102 1122
1750739091088 0.1862272471189499 1123
1750739136421 0.1694624125957489 1124
1750739143291 0.1834944784641266 1125
1750739149819 0.18304231762886047 1126
1750739156408 0.16807733476161957 1127
1750739204237 0.18222291767597198 1128
1750739212689 0.18073755502700806 1129
1750739220932 0.17237789928913116 1130
1750739229564 0.17326472699642181 1131
1750739275201 0.1912614107131958 1132
1750739283337 0.17060795426368713 1133
1750739290389 0.18445751070976257 1134
1750739298223 0.1881880760192871 1135
1750739342196 0.18880480527877808 1136
1750739351576 0.1766061633825302 1137
1750739360421 0.17685209214687347 1138
1750739368768 0.19405625760555267 1139
1750739410622 0.18780887126922607 1140
1750739418258 0.17792850732803345 1141
1750739425687 0.17852161824703217 1142
1750739433427 0.17480520904064178 1143
1750739477256 0.18682162463665009 1144
1750739485706 0.1859050840139389 1145
1750739494214 0.20095035433769226 1146
1750739502841 0.17621801793575287 1147
1750739547080 0.1874852031469345 1148
1750739554644 0.19392840564250946 1149
1750739561932 0.17508766055107117 1150
1750739569477 0.19865158200263977 1151
1750739613925 0.18522341549396515 1152
1750739622801 0.17961148917675018 1153
1750739631840 0.19245368242263794 1154
1750739640372 0.19251754879951477 1155
1750739685917 0.18861687183380127 1156
1750739693220 0.19598791003227234 1157
1750739701456 0.18278509378433228 1158
1750739708917 0.18149834871292114 1159
1750739752998 0.17497014999389648 1160
1750739761379 0.18891677260398865 1161
1750739770058 0.1990681141614914 1162
1750739778793 0.1894729882478714 1163
1750739822063 0.17116430401802063 1164
1750739829312 0.1766093224287033 1165
1750739836530 0.18108975887298584 1166
1750739843906 0.18639174103736877 1167
1750739890007 0.18883061408996582 1168
1750739898967 0.18745726346969604 1169
1750739907264 0.183690145611763 1170
1750739915280 0.18108071386814117 1171
1750739952344 0.18140418827533722 1172
1750739958833 0.17964999377727509 1173
1750739965608 0.17644666135311127 1174
1750739972613 0.17653979361057281 1175
1750739986804 0.18919707834720612 1176
1750739989389 0.1853763908147812 1177
1750740259124 0.18127718567848206 1178
1750740266651 0.18181028962135315 1179
1750740273502 0.18868696689605713 1180
1750740281252 0.18308843672275543 1181
1750740322144 0.18378160893917084 1182
1750740326730 0.18884003162384033 1183
1750740330928 0.18769343197345734 1184
1750740335600 0.18305550515651703 1185
1750740360699 0.17699827253818512 1186
1750740368139 0.17626447975635529 1187
1750740385291 0.1850408911705017 1188
1750740392508 0.19029401242733002 1189
1750740423474 0.18799033761024475 1190
1750740431204 0.18902699649333954 1191
1750740451603 0.18646064400672913 1192
1750740459223 0.18312157690525055 1193
1750740491602 0.1806144416332245 1194
1750740500644 0.19162128865718842 1195
1750740519552 0.1873912215232849 1196
1750740529454 0.18248042464256287 1197
1750740560618 0.18802069127559662 1198
1750740569485 0.18273822963237762 1199
1750740587604 0.17784689366817474 1200
1750740595489 0.17905156314373016 1201
1750740624839 0.18233978748321533 1202
1750740637248 0.17723295092582703 1203
1750740657345 0.17522242665290833 1204
1750740666197 0.18440575897693634 1205
1750740692126 0.197830930352211 1206
1750740708060 0.1830100268125534 1207
1750740721667 0.18540477752685547 1208
1750740728992 0.17946913838386536 1209
1750740757948 0.17886368930339813 1210
1750740776546 0.184631809592247 1211
1750740794065 0.18469922244548798 1212
1750740803311 0.17901653051376343 1213
1750740827330 0.1817828118801117 1214
1750740845924 0.17430061101913452 1215
1750740861152 0.18163305521011353 1216
1750740868979 0.18191464245319366 1217
1750740895916 0.18621544539928436 1218
1750740915910 0.1849888116121292 1219
1750740935285 0.18302218616008759 1220
1750740944184 0.1882724016904831 1221
1750740963834 0.18147453665733337 1222
1750740984599 0.1843620091676712 1223
1750740998977 0.18434025347232819 1224
1750741006907 0.19766247272491455 1225
1750741029844 0.19379299879074097 1226
1750741051762 0.17452308535575867 1227
1750741071036 0.17382223904132843 1228
1750741080151 0.17616812884807587 1229
1750741099929 0.187088280916214 1230
1750741122758 0.18624457716941833 1231
1750741135959 0.17817652225494385 1232
1750741143676 0.18636257946491241 1233
1750741166466 0.1845998764038086 1234
1750741190892 0.18610379099845886 1235
1750741206822 0.187326580286026 1236
1750741214427 0.17028285562992096 1237
1750741224651 0.1874149590730667 1238
1750741226139 0.1843988299369812 1239
