1749576226753 0.0 0
1749576239413 0.0 1
1749576252616 0.0 2
1749576267786 0.0 3
1749576317783 0.0 4
1749576345357 0.0 5
1749576360503 0.0 6
1749576374697 0.0 7
1749576449376 0.0 8
1749576489392 0.0 9
1749576511395 0.0 10
1749576531667 0.0 11
1749576628822 0.0 12
1749576663366 0.0 13
1749576673010 0.0 14
1749576684786 0.0 15
1749576735157 0.0 16
1749576769816 0.0 17
1749576784857 0.0 18
1749576800203 0.0 19
1749576883769 0.0 20
1749576925186 0.0 21
1749576948150 0.0 22
1749576970260 0.0 23
1749577068865 0.0 24
1749577100987 0.0 25
1749577119054 0.0 26
1749577138709 0.0 27
1749577215749 0.0 28
1749577245513 0.0 29
1749577260356 0.0 30
1749577274586 0.0 31
1749577354061 0.0 32
1749577383297 0.0 33
1749577398835 0.0 34
1749577413672 0.0 35
1749577490284 0.0 36
1749577520338 0.0 37
1749577535572 0.0 38
1749577552121 0.0 39
1749577627061 0.0 40
1749577662950 0.0 41
1749577678932 0.0 42
1749577695172 0.0 43
1749577763176 0.0 44
1749577799640 0.0 45
1749577814901 0.0 46
1749577830289 0.0 47
1749577893801 0.0 48
1749577934765 0.0 49
1749577949875 0.0 50
1749577965135 0.0 51
1749578026119 0.0 52
1749578070827 0.0 53
1749578085585 0.0 54
1749578100341 0.0 55
1749578161616 0.0 56
1749578204756 0.0 57
1749578219857 0.0 58
1749578235096 0.0 59
1749578297765 0.0 60
1749578340224 0.0 61
1749578354975 0.0 62
1749578370341 0.0 63
1749578430221 0.0 64
1749578474875 0.0 65
1749578489630 0.0 66
1749578505005 0.0 67
1749578563624 0.0 68
1749578610235 0.0 69
1749578624941 0.0 70
1749578639858 0.0 71
1749578695037 0.0 72
1749578742085 0.0 73
1749578756557 0.0 74
1749578770993 0.0 75
1749578827185 0.0 76
1749578868986 0.0 77
1749578881787 0.0 78
1749578892080 0.0 79
1749578914131 0.0 80
1749578984012 0.0 81
1749578990256 0.0 82
1749579634741 0.0 82
1749579771121 1.0 83
1749579785712 1.0 84
1749579800266 1.0 85
1749579815764 1.0 86
1749579899924 1.0 87
1749579914547 1.0 88
1749579930125 1.0 89
1749579947244 1.0 90
1749580029612 1.0 91
1749580044601 1.0 92
1749580060966 1.0 93
1749580078119 1.0 94
1749580160621 1.0 95
1749580174777 1.0 96
1749580189439 1.0 97
1749580201663 1.0 98
1749580278869 1.0 99
1749580294039 1.0 100
1749580309148 1.0 101
1749580323849 1.0 102
1749580410663 1.0 103
1749580425648 1.0 104
1749580439914 1.0 105
1749580455019 1.0 106
1749580543851 1.0 107
1749580558965 1.0 108
1749580573396 1.0 109
1749580587820 1.0 110
1749580675150 1.0 111
1749580689917 1.0 112
1749580704656 1.0 113
1749580719325 1.0 114
1749580808430 1.0 115
1749580823161 1.0 116
1749580837903 1.0 117
1749580852827 1.0 118
1749580940305 1.0 119
1749580954668 1.0 120
1749580969809 1.0 121
1749580984121 1.0 122
1749581072595 1.0 123
1749581087592 1.0 124
1749581103368 1.0 125
1749581118044 1.0 126
1749581204402 1.0 127
1749581219029 1.0 128
1749581233729 1.0 129
1749581248516 1.0 130
1749581337154 1.0 131
1749581351792 1.0 132
1749581367407 1.0 133
1749581381995 1.0 134
1749581468937 1.0 135
1749581483893 1.0 136
1749581498619 1.0 137
1749581515192 1.0 138
1749581605488 1.0 139
1749581622848 1.0 140
1749581639173 1.0 141
1749581655497 1.0 142
1749581744198 1.0 143
1749581762349 1.0 144
1749581778505 1.0 145
1749581795247 1.0 146
1749581881231 1.0 147
1749581897123 1.0 148
1749581912420 1.0 149
1749581927528 1.0 150
1749582017189 1.0 151
1749582031248 1.0 152
1749582045866 1.0 153
1749582060488 1.0 154
1749582151323 1.0 155
1749582165653 1.0 156
1749582180767 1.0 157
1749582195603 1.0 158
1749582275879 1.0 159
1749582289943 1.0 160
1749582303485 1.0 161
1749582316464 1.0 162
1749582387135 1.0 163
1749582396392 1.0 164
1749582402043 1.0 165
1749583040501 1.0 165
1749583179042 2.0 166
1749583194593 2.0 167
1749583209322 2.0 168
1749583224540 2.0 169
1749583304887 2.0 170
1749583320415 2.0 171
1749583335379 2.0 172
1749583349849 2.0 173
1749583431375 2.0 174
1749583439645 2.0 175
1749583447688 2.0 176
1749583455717 2.0 177
1749583532223 2.0 178
1749583544693 2.0 179
1749583557188 2.0 180
1749583570861 2.0 181
1749583643455 2.0 182
1749583658316 2.0 183
1749583673021 2.0 184
1749583687872 2.0 185
1749583776134 2.0 186
1749583790505 2.0 187
1749583805049 2.0 188
1749583819115 2.0 189
1749583911573 2.0 190
1749583926663 2.0 191
1749583940654 2.0 192
1749583955429 2.0 193
1749584043900 2.0 194
1749584059155 2.0 195
1749584073659 2.0 196
1749584089171 2.0 197
1749584175326 2.0 198
1749584189860 2.0 199
1749584203945 2.0 200
1749584219416 2.0 201
1749584309860 2.0 202
1749584324849 2.0 203
1749584339820 2.0 204
1749584355955 2.0 205
1749584439507 2.0 206
1749584454620 2.0 207
1749584469264 2.0 208
1749584484065 2.0 209
1749584573278 2.0 210
1749584587988 2.0 211
1749584602502 2.0 212
1749584617467 2.0 213
1749584703698 2.0 214
1749584718488 2.0 215
1749584732898 2.0 216
1749584747431 2.0 217
1749584836641 2.0 218
1749584850872 2.0 219
1749584865745 2.0 220
1749584880304 2.0 221
1749584969064 2.0 222
1749584984191 2.0 223
1749584997751 2.0 224
1749585012335 2.0 225
1749585101564 2.0 226
1749585116825 2.0 227
1749585130977 2.0 228
1749585146214 2.0 229
1749585231426 2.0 230
1749585246160 2.0 231
1749585260994 2.0 232
1749585275721 2.0 233
1749585361521 2.0 234
1749585376273 2.0 235
1749585391141 2.0 236
1749585406465 2.0 237
1749585495494 2.0 238
1749585509862 2.0 239
1749585524066 2.0 240
1749585538220 2.0 241
1749585617443 2.0 242
1749585630153 2.0 243
1749585642826 2.0 244
1749585656355 2.0 245
1749585697468 2.0 246
1749585710166 2.0 247
1749585715772 2.0 248
1749586298372 2.0 248
1749586433380 3.0 249
1749586447537 3.0 250
1749586461877 3.0 251
1749586476784 3.0 252
1749586559510 3.0 253
1749586573968 3.0 254
1749586588974 3.0 255
1749586603963 3.0 256
1749586689466 3.0 257
1749586703840 3.0 258
1749586718682 3.0 259
1749586734277 3.0 260
1749586819052 3.0 261
1749586832154 3.0 262
1749586844694 3.0 263
1749586857538 3.0 264
1749586906020 3.0 265
1749586918666 3.0 266
1749586934965 3.0 267
1749586950227 3.0 268
1749586998732 3.0 269
1749587013173 3.0 270
1749587063574 3.0 271
1749587080215 3.0 272
1749587130372 3.0 273
1749587145256 3.0 274
1749587194751 3.0 275
1749587211714 3.0 276
1749587263692 3.0 277
1749587279173 3.0 278
1749587328146 3.0 279
1749587344916 3.0 280
1749587394656 3.0 281
1749587408828 3.0 282
1749587459571 3.0 283
1749587477479 3.0 284
1749587528322 3.0 285
1749587543109 3.0 286
1749587594691 3.0 287
1749587612353 3.0 288
1749587661028 3.0 289
1749587675734 3.0 290
1749587726300 3.0 291
1749587743844 3.0 292
1749587794902 3.0 293
1749587810005 3.0 294
1749587858081 3.0 295
1749587874876 3.0 296
1749587928543 3.0 297
1749587943030 3.0 298
1749587991761 3.0 299
1749588009652 3.0 300
1749588060133 3.0 301
1749588074210 3.0 302
1749588127418 3.0 303
1749588144538 3.0 304
1749588194057 3.0 305
1749588209614 3.0 306
1749588260582 3.0 307
1749588277192 3.0 308
1749588328212 3.0 309
1749588342519 3.0 310
1749588395768 3.0 311
1749588413382 3.0 312
1749588461381 3.0 313
1749588476005 3.0 314
1749588523473 3.0 315
1749588540891 3.0 316
1749588598011 3.0 317
1749588612984 3.0 318
1749588656733 3.0 319
1749588674366 3.0 320
1749588734011 3.0 321
1749588749081 3.0 322
1749588791725 3.0 323
1749588809580 3.0 324
1749588867863 3.0 325
1749588880591 3.0 326
1749588920942 3.0 327
1749588937041 3.0 328
1749588976397 3.0 329
1749588989189 3.0 330
1749588995249 3.0 331
1749589623419 3.0 331
1749589757160 4.0 332
1749589773817 4.0 333
1749589788160 4.0 334
1749589803526 4.0 335
1749589889245 4.0 336
1749589903692 4.0 337
1749589917855 4.0 338
1749589931665 4.0 339
1749590019716 4.0 340
1749590036213 4.0 341
1749590053469 4.0 342
1749590070841 4.0 343
1749590152146 4.0 344
1749590166967 4.0 345
1749590182081 4.0 346
1749590196304 4.0 347
1749590272644 4.0 348
1749590285213 4.0 349
1749590297979 4.0 350
1749590313225 4.0 351
1749590385703 4.0 352
1749590400119 4.0 353
1749590414765 4.0 354
1749590430084 4.0 355
1749590521499 4.0 356
1749590536509 4.0 357
1749590550513 4.0 358
1749590568460 4.0 359
1749590655343 4.0 360
1749590670473 4.0 361
1749590685021 4.0 362
1749590702551 4.0 363
1749590790222 4.0 364
1749590804702 4.0 365
1749590820641 4.0 366
1749590837497 4.0 367
1749590921631 4.0 368
1749590935764 4.0 369
1749590950792 4.0 370
1749590967186 4.0 371
1749591054230 4.0 372
1749591069236 4.0 373
1749591085085 4.0 374
1749591101722 4.0 375
1749591186600 4.0 376
1749591201815 4.0 377
1749591217854 4.0 378
1749591234300 4.0 379
1749591320883 4.0 380
1749591335287 4.0 381
1749591350900 4.0 382
1749591366901 4.0 383
1749591455920 4.0 384
1749591470226 4.0 385
1749591486665 4.0 386
1749591502577 4.0 387
1749591589352 4.0 388
1749591606832 4.0 389
1749591623868 4.0 390
1749591638903 4.0 391
1749591719205 4.0 392
1749591733940 4.0 393
1749591749312 4.0 394
1749591765066 4.0 395
1749591855576 4.0 396
1749591870174 4.0 397
1749591885557 4.0 398
1749591902344 4.0 399
1749591988866 4.0 400
1749592003581 4.0 401
1749592018794 4.0 402
1749592035789 4.0 403
1749592119932 4.0 404
1749592135448 4.0 405
1749592150888 4.0 406
1749592166414 4.0 407
1749592234383 4.0 408
1749592242440 4.0 409
1749592250523 4.0 410
1749592260919 4.0 411
1749592350022 4.0 412
1749592363457 4.0 413
1749592367496 4.0 414
1749592967697 4.0 414
1749593100237 5.0 415
1749593118527 5.0 416
1749593135865 5.0 417
1749593151109 5.0 418
1749593227030 5.0 419
1749593244872 5.0 420
1749593261189 5.0 421
1749593276205 5.0 422
1749593357739 5.0 423
1749593375340 5.0 424
1749593389855 5.0 425
1749593405309 5.0 426
1749593484885 5.0 427
1749593502748 5.0 428
1749593517268 5.0 429
1749593532307 5.0 430
1749593605600 5.0 431
1749593619048 5.0 432
1749593631906 5.0 433
1749593644860 5.0 434
1749593706416 5.0 435
1749593721454 5.0 436
1749593736217 5.0 437
1749593750430 5.0 438
1749593839770 5.0 439
1749593855187 5.0 440
1749593869961 5.0 441
1749593884733 5.0 442
1749593972565 5.0 443
1749593987371 5.0 444
1749594001951 5.0 445
1749594016669 5.0 446
1749594106525 5.0 447
1749594121243 5.0 448
1749594136064 5.0 449
1749594150674 5.0 450
1749594241721 5.0 451
1749594256085 5.0 452
1749594270960 5.0 453
1749594286192 5.0 454
1749594373702 5.0 455
1749594388765 5.0 456
1749594403997 5.0 457
1749594418673 5.0 458
1749594504430 5.0 459
1749594518706 5.0 460
1749594533496 5.0 461
1749594548165 5.0 462
1749594633974 5.0 463
1749594648077 5.0 464
1749594662813 5.0 465
1749594678000 5.0 466
1749594763963 5.0 467
1749594778857 5.0 468
1749594794328 5.0 469
1749594808238 5.0 470
1749594896632 5.0 471
1749594911241 5.0 472
1749594926155 5.0 473
1749594941117 5.0 474
1749595027608 5.0 475
1749595042476 5.0 476
1749595056676 5.0 477
1749595071264 5.0 478
1749595158435 5.0 479
1749595173673 5.0 480
1749595188251 5.0 481
1749595203231 5.0 482
1749595292981 5.0 483
1749595307479 5.0 484
1749595322447 5.0 485
1749595337181 5.0 486
1749595427873 5.0 487
1749595443287 5.0 488
1749595458861 5.0 489
1749595475816 5.0 490
1749595555424 5.0 491
1749595568134 5.0 492
1749595580735 5.0 493
1749595594072 5.0 494
1749595663372 5.0 495
1749595676466 5.0 496
1749595682700 5.0 497
1749596309049 5.0 497
1749596436769 6.0 498
1749596454171 6.0 499
1749596471921 6.0 500
1749596487052 6.0 501
1749596563130 6.0 502
1749596580776 6.0 503
1749596597987 6.0 504
1749596612249 6.0 505
1749596698953 6.0 506
1749596715610 6.0 507
1749596730831 6.0 508
1749596745030 6.0 509
1749596825867 6.0 510
1749596841433 6.0 511
1749596856506 6.0 512
1749596871765 6.0 513
1749596938843 6.0 514
1749596947037 6.0 515
1749596954849 6.0 516
1749596962930 6.0 517
1749597051968 6.0 518
1749597066528 6.0 519
1749597081864 6.0 520
1749597096749 6.0 521
1749597184798 6.0 522
1749597199937 6.0 523
1749597214215 6.0 524
1749597228937 6.0 525
1749597316525 6.0 526
1749597331406 6.0 527
1749597345603 6.0 528
1749597360051 6.0 529
1749597451276 6.0 530
1749597466442 6.0 531
1749597481089 6.0 532
1749597496123 6.0 533
1749597586342 6.0 534
1749597600967 6.0 535
1749597616160 6.0 536
1749597631631 6.0 537
1749597718980 6.0 538
1749597733374 6.0 539
1749597747985 6.0 540
1749597763047 6.0 541
1749597851146 6.0 542
1749597866382 6.0 543
1749597880955 6.0 544
1749597896009 6.0 545
1749597984241 6.0 546
1749597998300 6.0 547
1749598013199 6.0 548
1749598029674 6.0 549
1749598121947 6.0 550
1749598136931 6.0 551
1749598152483 6.0 552
1749598169929 6.0 553
1749598255608 6.0 554
1749598269869 6.0 555
1749598285561 6.0 556
1749598301739 6.0 557
1749598389922 6.0 558
1749598404201 6.0 559
1749598420064 6.0 560
1749598437394 6.0 561
1749598521924 6.0 562
1749598536584 6.0 563
1749598553264 6.0 564
1749598570780 6.0 565
1749598656729 6.0 566
1749598671780 6.0 567
1749598688373 6.0 568
1749598705841 6.0 569
1749598791545 6.0 570
1749598807128 6.0 571
1749598822839 6.0 572
1749598839967 6.0 573
1749598926367 6.0 574
1749598940972 6.0 575
1749598956312 6.0 576
1749598971475 6.0 577
1749599016749 6.0 578
1749599029796 6.0 579
1749599036097 6.0 580
1749599659666 6.0 580
1749599781741 7.0 581
1749599799189 7.0 582
1749599817284 7.0 583
1749599834936 7.0 584
1749599909783 7.0 585
1749599926801 7.0 586
1749599944932 7.0 587
1749599960629 7.0 588
1749600042092 7.0 589
1749600059180 7.0 590
1749600076089 7.0 591
1749600090603 7.0 592
1749600173774 7.0 593
1749600191149 7.0 594
1749600206793 7.0 595
1749600223741 7.0 596
1749600302577 7.0 597
1749600315306 7.0 598
1749600323214 7.0 599
1749600336775 7.0 600
1749600404912 7.0 601
1749600420338 7.0 602
1749600434204 7.0 603
1749600449736 7.0 604
1749600536133 7.0 605
1749600550479 7.0 606
1749600566220 7.0 607
1749600580281 7.0 608
1749600667557 7.0 609
1749600685930 7.0 610
1749600700743 7.0 611
1749600714750 7.0 612
1749600800558 7.0 613
1749600819009 7.0 614
1749600833983 7.0 615
1749600849993 7.0 616
1749600931048 7.0 617
1749600954064 7.0 618
1749600969469 7.0 619
1749600984887 7.0 620
1749601064377 7.0 621
1749601087095 7.0 622
1749601101942 7.0 623
1749601116372 7.0 624
1749601195620 7.0 625
1749601218881 7.0 626
1749601233623 7.0 627
1749601248313 7.0 628
1749601328551 7.0 629
1749601352397 7.0 630
1749601367161 7.0 631
1749601382537 7.0 632
1749601460621 7.0 633
1749601487483 7.0 634
1749601502300 7.0 635
1749601517922 7.0 636
1749601594431 7.0 637
1749601620344 7.0 638
1749601635772 7.0 639
1749601651936 7.0 640
1749601731620 7.0 641
1749601753768 7.0 642
1749601769089 7.0 643
1749601786038 7.0 644
1749601864444 7.0 645
1749601886598 7.0 646
1749601901555 7.0 647
1749601919533 7.0 648
1749602000328 7.0 649
1749602018815 7.0 650
1749602033320 7.0 651
1749602050564 7.0 652
1749602137488 7.0 653
1749602152298 7.0 654
1749602168469 7.0 655
1749602186124 7.0 656
1749602264640 7.0 657
1749602279056 7.0 658
1749602292411 7.0 659
1749602307281 7.0 660
1749602365654 7.0 661
1749602378251 7.0 662
1749602383899 7.0 663
1749603020271 7.0 663
1749603163222 8.0 664
1749603177352 8.0 665
1749603192078 8.0 666
1749603207211 8.0 667
1749603292056 8.0 668
1749603306664 8.0 669
1749603321809 8.0 670
1749603336860 8.0 671
1749603418887 8.0 672
1749603434382 8.0 673
1749603448716 8.0 674
1749603462929 8.0 675
1749603544269 8.0 676
1749603558966 8.0 677
1749603573745 8.0 678
1749603588976 8.0 679
1749603664979 8.0 680
1749603679253 8.0 681
1749603694001 8.0 682
1749603709355 8.0 683
1749603789726 8.0 684
1749603807992 8.0 685
1749603824851 8.0 686
1749603841257 8.0 687
1749603919490 8.0 688
1749603936121 8.0 689
1749603954221 8.0 690
1749603970715 8.0 691
1749604053646 8.0 692
1749604071165 8.0 693
1749604087403 8.0 694
1749604103867 8.0 695
1749604194141 8.0 696
1749604211362 8.0 697
1749604228045 8.0 698
1749604244221 8.0 699
1749604329883 8.0 700
1749604346784 8.0 701
1749604362868 8.0 702
1749604379535 8.0 703
1749604465912 8.0 704
1749604483976 8.0 705
1749604501457 8.0 706
1749604515946 8.0 707
1749604599597 8.0 708
1749604616789 8.0 709
1749604634507 8.0 710
1749604648713 8.0 711
1749604730701 8.0 712
1749604748051 8.0 713
1749604765812 8.0 714
1749604781328 8.0 715
1749604863160 8.0 716
1749604880148 8.0 717
1749604898810 8.0 718
1749604913773 8.0 719
1749604994685 8.0 720
1749605011520 8.0 721
1749605028945 8.0 722
1749605044728 8.0 723
1749605128298 8.0 724
1749605145625 8.0 725
1749605162941 8.0 726
1749605179755 8.0 727
1749605263238 8.0 728
1749605281277 8.0 729
1749605298549 8.0 730
1749605314445 8.0 731
1749605396872 8.0 732
1749605414642 8.0 733
1749605432998 8.0 734
1749605448540 8.0 735
1749605531160 8.0 736
1749605547673 8.0 737
1749605565057 8.0 738
1749605581101 8.0 739
1749605657478 8.0 740
1749605673098 8.0 741
1749605688592 8.0 742
1749605703697 8.0 743
1749605779166 8.0 744
1749605793175 8.0 745
1749605799310 8.0 746
1749606368681 8.0 746
1749606498364 9.0 747
1749606515917 9.0 748
1749606534187 9.0 749
1749606549716 9.0 750
1749606630125 9.0 751
1749606647164 9.0 752
1749606663345 9.0 753
1749606678188 9.0 754
1749606760272 9.0 755
1749606778242 9.0 756
1749606792984 9.0 757
1749606808312 9.0 758
1749606892314 9.0 759
1749606907914 9.0 760
1749606922252 9.0 761
1749606937122 9.0 762
1749607012186 9.0 763
1749607022465 9.0 764
1749607037136 9.0 765
1749607052074 9.0 766
1749607130716 9.0 767
1749607145532 9.0 768
1749607162597 9.0 769
1749607180185 9.0 770
1749607264612 9.0 771
1749607279232 9.0 772
1749607297129 9.0 773
1749607315738 9.0 774
1749607396463 9.0 775
1749607411361 9.0 776
1749607427614 9.0 777
1749607444875 9.0 778
1749607530193 9.0 779
1749607544884 9.0 780
1749607562113 9.0 781
1749607578891 9.0 782
1749607666944 9.0 783
1749607682504 9.0 784
1749607699674 9.0 785
1749607717026 9.0 786
1749607800412 9.0 787
1749607816572 9.0 788
1749607833804 9.0 789
1749607851819 9.0 790
1749607935118 9.0 791
1749607951070 9.0 792
1749607968282 9.0 793
1749607985001 9.0 794
1749608067866 9.0 795
1749608083979 9.0 796
1749608100926 9.0 797
1749608118617 9.0 798
1749608202636 9.0 799
1749608220911 9.0 800
1749608238339 9.0 801
1749608256031 9.0 802
1749608343295 9.0 803
1749608359995 9.0 804
1749608378090 9.0 805
1749608395228 9.0 806
1749608476184 9.0 807
1749608493357 9.0 808
1749608510819 9.0 809
1749608527682 9.0 810
1749608607769 9.0 811
1749608624581 9.0 812
1749608641358 9.0 813
1749608658045 9.0 814
1749608743654 9.0 815
1749608759464 9.0 816
1749608778353 9.0 817
1749608795649 9.0 818
1749608876717 9.0 819
1749608893536 9.0 820
1749608911613 9.0 821
1749608928535 9.0 822
1749609004037 9.0 823
1749609018848 9.0 824
1749609032844 9.0 825
1749609047037 9.0 826
1749609096263 9.0 827
1749609109477 9.0 828
1749609115687 9.0 829
1749609736262 9.0 829
1749609871498 10.0 830
1749609888721 10.0 831
1749609903793 10.0 832
1749609919340 10.0 833
1749609999014 10.0 834
1749610013936 10.0 835
1749610028846 10.0 836
1749610044110 10.0 837
1749610125073 10.0 838
1749610140064 10.0 839
1749610155232 10.0 840
1749610169770 10.0 841
1749610254201 10.0 842
1749610269438 10.0 843
1749610284821 10.0 844
1749610299767 10.0 845
1749610355696 10.0 846
1749610366295 10.0 847
1749610378882 10.0 848
1749610390236 10.0 849
1749610463029 10.0 850
1749610477938 10.0 851
1749610492788 10.0 852
1749610507404 10.0 853
1749610594965 10.0 854
1749610609942 10.0 855
1749610625069 10.0 856
1749610639694 10.0 857
1749610725245 10.0 858
1749610743716 10.0 859
1749610757952 10.0 860
1749610772601 10.0 861
1749610856233 10.0 862
1749610876805 10.0 863
1749610892113 10.0 864
1749610907217 10.0 865
1749610986181 10.0 866
1749611012122 10.0 867
1749611025969 10.0 868
1749611040848 10.0 869
1749611122195 10.0 870
1749611141704 10.0 871
1749611156861 10.0 872
1749611172008 10.0 873
1749611257018 10.0 874
1749611272440 10.0 875
1749611287451 10.0 876
1749611302093 10.0 877
1749611390796 10.0 878
1749611405483 10.0 879
1749611419848 10.0 880
1749611435181 10.0 881
1749611521585 10.0 882
1749611538858 10.0 883
1749611553680 10.0 884
1749611567948 10.0 885
1749611653224 10.0 886
1749611671706 10.0 887
1749611687193 10.0 888
1749611702242 10.0 889
1749611787252 10.0 890
1749611805045 10.0 891
1749611819616 10.0 892
1749611833956 10.0 893
1749611920768 10.0 894
1749611937533 10.0 895
1749611951934 10.0 896
1749611966637 10.0 897
1749612054023 10.0 898
1749612071480 10.0 899
1749612086016 10.0 900
1749612100500 10.0 901
1749612188445 10.0 902
1749612203483 10.0 903
1749612217796 10.0 904
1749612232079 10.0 905
1749612321047 10.0 906
1749612335836 10.0 907
1749612348515 10.0 908
1749612361131 10.0 909
1749612436054 10.0 910
1749612448769 10.0 911
1749612454636 10.0 912
1749613079327 10.0 912
1749613219657 11.0 913
1749613234591 11.0 914
1749613248888 11.0 915
1749613264721 11.0 916
1749613345317 11.0 917
1749613359941 11.0 918
1749613375597 11.0 919
1749613390920 11.0 920
1749613474009 11.0 921
1749613489042 11.0 922
1749613503594 11.0 923
1749613518027 11.0 924
1749613604452 11.0 925
1749613619399 11.0 926
1749613633599 11.0 927
1749613648024 11.0 928
1749613718397 11.0 929
1749613733043 11.0 930
1749613748155 11.0 931
1749613763462 11.0 932
1749613846821 11.0 933
1749613864426 11.0 934
1749613881348 11.0 935
1749613898729 11.0 936
1749613980868 11.0 937
1749613998105 11.0 938
1749614016809 11.0 939
1749614033701 11.0 940
1749614114324 11.0 941
1749614131478 11.0 942
1749614148427 11.0 943
1749614165785 11.0 944
1749614252624 11.0 945
1749614270061 11.0 946
1749614288709 11.0 947
1749614304749 11.0 948
1749614390543 11.0 949
1749614408447 11.0 950
1749614426058 11.0 951
1749614440477 11.0 952
1749614524333 11.0 953
1749614541973 11.0 954
1749614559367 11.0 955
1749614574105 11.0 956
1749614657529 11.0 957
1749614674070 11.0 958
1749614691318 11.0 959
1749614706393 11.0 960
1749614794093 11.0 961
1749614810660 11.0 962
1749614827680 11.0 963
1749614842772 11.0 964
1749614924779 11.0 965
1749614942276 11.0 966
1749614959843 11.0 967
1749614973810 11.0 968
1749615057779 11.0 969
1749615074886 11.0 970
1749615092721 11.0 971
1749615107525 11.0 972
1749615187661 11.0 973
1749615205505 11.0 974
1749615221420 11.0 975
1749615236789 11.0 976
1749615321094 11.0 977
1749615337838 11.0 978
1749615355160 11.0 979
1749615371060 11.0 980
1749615453573 11.0 981
1749615470776 11.0 982
1749615489709 11.0 983
1749615504667 11.0 984
1749615584752 11.0 985
1749615602108 11.0 986
1749615619031 11.0 987
1749615635569 11.0 988
1749615718144 11.0 989
1749615734207 11.0 990
1749615749968 11.0 991
1749615763849 11.0 992
1749615818274 11.0 993
1749615828358 11.0 994
1749615833613 11.0 995
1749616443543 11.0 995
1749616579953 12.0 996
1749616594457 12.0 997
1749616608498 12.0 998
1749616623148 12.0 999
1749616707637 12.0 1000
1749616722962 12.0 1001
1749616737435 12.0 1002
1749616752584 12.0 1003
1749616838397 12.0 1004
1749616853481 12.0 1005
1749616868678 12.0 1006
1749616883203 12.0 1007
1749616971712 12.0 1008
1749616987060 12.0 1009
1749617000860 12.0 1010
1749617014300 12.0 1011
1749617063758 12.0 1012
1749617074933 12.0 1013
1749617089560 12.0 1014
1749617104452 12.0 1015
1749617167488 12.0 1016
1749617182167 12.0 1017
1749617197584 12.0 1018
1749617215396 12.0 1019
1749617299232 12.0 1020
1749617313769 12.0 1021
1749617328564 12.0 1022
1749617346560 12.0 1023
1749617432814 12.0 1024
1749617447545 12.0 1025
1749617462521 12.0 1026
1749617479634 12.0 1027
1749617569737 12.0 1028
1749617584341 12.0 1029
1749617599205 12.0 1030
1749617617249 12.0 1031
1749617702636 12.0 1032
1749617716976 12.0 1033
1749617731796 12.0 1034
1749617748935 12.0 1035
1749617837359 12.0 1036
1749617851751 12.0 1037
1749617867910 12.0 1038
1749617884529 12.0 1039
1749617969229 12.0 1040
1749617983944 12.0 1041
1749617999055 12.0 1042
1749618016637 12.0 1043
1749618099594 12.0 1044
1749618113307 12.0 1045
1749618127874 12.0 1046
1749618145489 12.0 1047
1749618235532 12.0 1048
1749618250896 12.0 1049
1749618266177 12.0 1050
1749618283704 12.0 1051
1749618368402 12.0 1052
1749618383049 12.0 1053
1749618398439 12.0 1054
1749618414956 12.0 1055
1749618502081 12.0 1056
1749618516446 12.0 1057
1749618532725 12.0 1058
1749618550933 12.0 1059
1749618635876 12.0 1060
1749618650625 12.0 1061
1749618668281 12.0 1062
1749618686293 12.0 1063
1749618768893 12.0 1064
1749618783543 12.0 1065
1749618800817 12.0 1066
1749618818218 12.0 1067
1749618902808 12.0 1068
1749618917873 12.0 1069
1749618935190 12.0 1070
1749618951667 12.0 1071
1749619034569 12.0 1072
1749619049270 12.0 1073
1749619064513 12.0 1074
1749619081289 12.0 1075
1749619128945 12.0 1076
1749619141697 12.0 1077
1749619147339 12.0 1078
1749619785147 12.0 1078
1749619920970 13.0 1079
1749619936779 13.0 1080
1749619951806 13.0 1081
1749619966836 13.0 1082
1749620047831 13.0 1083
1749620063005 13.0 1084
1749620078099 13.0 1085
1749620092605 13.0 1086
1749620173949 13.0 1087
1749620189244 13.0 1088
1749620204590 13.0 1089
1749620219797 13.0 1090
1749620301100 13.0 1091
1749620316526 13.0 1092
1749620331050 13.0 1093
1749620345861 13.0 1094
1749620424343 13.0 1095
1749620438820 13.0 1096
1749620453514 13.0 1097
1749620468457 13.0 1098
1749620556805 13.0 1099
1749620574521 13.0 1100
1749620591721 13.0 1101
1749620609736 13.0 1102
1749620691274 13.0 1103
1749620709688 13.0 1104
1749620727284 13.0 1105
1749620745318 13.0 1106
1749620829632 13.0 1107
1749620847185 13.0 1108
1749620864500 13.0 1109
1749620882008 13.0 1110
1749620961510 13.0 1111
1749620977504 13.0 1112
1749620994476 13.0 1113
1749621011939 13.0 1114
1749621091444 13.0 1115
1749621108756 13.0 1116
1749621126267 13.0 1117
1749621142951 13.0 1118
1749621226928 13.0 1119
1749621244070 13.0 1120
1749621262391 13.0 1121
1749621279250 13.0 1122
1749621358101 13.0 1123
1749621376340 13.0 1124
1749621394410 13.0 1125
1749621411362 13.0 1126
1749621492710 13.0 1127
1749621510669 13.0 1128
1749621528008 13.0 1129
1749621545703 13.0 1130
1749621627396 13.0 1131
1749621644228 13.0 1132
1749621661519 13.0 1133
1749621679267 13.0 1134
1749621761982 13.0 1135
1749621778830 13.0 1136
1749621795291 13.0 1137
1749621813163 13.0 1138
1749621899331 13.0 1139
1749621917130 13.0 1140
1749621934658 13.0 1141
1749621951873 13.0 1142
1749622034412 13.0 1143
1749622051575 13.0 1144
1749622068929 13.0 1145
1749622086137 13.0 1146
1749622169028 13.0 1147
1749622186740 13.0 1148
1749622203959 13.0 1149
1749622220556 13.0 1150
1749622304043 13.0 1151
1749622321786 13.0 1152
1749622340056 13.0 1153
1749622355304 13.0 1154
1749622430581 13.0 1155
1749622444910 13.0 1156
1749622458913 13.0 1157
1749622471831 13.0 1158
1749622534310 13.0 1159
1749622548477 13.0 1160
1749622554937 13.0 1161
1749623184484 13.0 1161
1749623323278 14.0 1162
1749623340024 14.0 1163
1749623356724 14.0 1164
1749623372724 14.0 1165
1749623451382 14.0 1166
1749623468661 14.0 1167
1749623486181 14.0 1168
1749623502373 14.0 1169
1749623580649 14.0 1170
1749623598078 14.0 1171
1749623615868 14.0 1172
1749623629952 14.0 1173
1749623700939 14.0 1174
1749623713193 14.0 1175
1749623726523 14.0 1176
1749623739099 14.0 1177
1749623803524 14.0 1178
1749623818260 14.0 1179
1749623834180 14.0 1180
1749623849606 14.0 1181
1749623938903 14.0 1182
1749623953796 14.0 1183
1749623969349 14.0 1184
1749623984031 14.0 1185
1749624076331 14.0 1186
1749624091536 14.0 1187
1749624106252 14.0 1188
1749624120660 14.0 1189
1749624211106 14.0 1190
1749624225740 14.0 1191
1749624240508 14.0 1192
1749624255559 14.0 1193
1749624343976 14.0 1194
1749624359356 14.0 1195
1749624373895 14.0 1196
1749624388749 14.0 1197
1749624479681 14.0 1198
1749624494546 14.0 1199
1749624509160 14.0 1200
1749624524463 14.0 1201
1749624616995 14.0 1202
1749624631495 14.0 1203
1749624645853 14.0 1204
1749624661243 14.0 1205
1749624751158 14.0 1206
1749624766507 14.0 1207
1749624781351 14.0 1208
1749624796344 14.0 1209
1749624888009 14.0 1210
1749624902320 14.0 1211
1749624916864 14.0 1212
1749624931438 14.0 1213
1749625023023 14.0 1214
1749625037864 14.0 1215
1749625053328 14.0 1216
1749625069117 14.0 1217
1749625156997 14.0 1218
1749625171293 14.0 1219
1749625186516 14.0 1220
1749625201604 14.0 1221
1749625290122 14.0 1222
1749625304887 14.0 1223
1749625319946 14.0 1224
1749625334456 14.0 1225
1749625425333 14.0 1226
1749625439744 14.0 1227
1749625454442 14.0 1228
1749625469735 14.0 1229
1749625558612 14.0 1230
1749625573729 14.0 1231
1749625588773 14.0 1232
1749625604075 14.0 1233
1749625693299 14.0 1234
1749625708828 14.0 1235
1749625723504 14.0 1236
1749625739476 14.0 1237
1749625823111 14.0 1238
1749625836390 14.0 1239
1749625851255 14.0 1240
1749625865129 14.0 1241
1749625922562 14.0 1242
1749625935409 14.0 1243
1749625941574 14.0 1244
1749626571096 14.0 1244
1749626716812 15.0 1245
1749626735241 15.0 1246
1749626751247 15.0 1247
1749626766205 15.0 1248
1749626847660 15.0 1249
1749626865029 15.0 1250
1749626880223 15.0 1251
1749626894706 15.0 1252
1749626976827 15.0 1253
1749626994561 15.0 1254
1749627008554 15.0 1255
1749627021603 15.0 1256
1749627086547 15.0 1257
1749627099521 15.0 1258
1749627114124 15.0 1259
1749627128383 15.0 1260
1749627202706 15.0 1261
1749627220004 15.0 1262
1749627236249 15.0 1263
1749627254404 15.0 1264
1749627338646 15.0 1265
1749627353387 15.0 1266
1749627368162 15.0 1267
1749627385287 15.0 1268
1749627469421 15.0 1269
1749627484481 15.0 1270
1749627499318 15.0 1271
1749627514678 15.0 1272
1749627604614 15.0 1273
1749627619702 15.0 1274
1749627633987 15.0 1275
1749627651327 15.0 1276
1749627739796 15.0 1277
1749627754744 15.0 1278
1749627770180 15.0 1279
1749627786870 15.0 1280
1749627872518 15.0 1281
1749627887825 15.0 1282
1749627903159 15.0 1283
1749627920825 15.0 1284
1749628006004 15.0 1285
1749628020479 15.0 1286
1749628035129 15.0 1287
1749628052515 15.0 1288
1749628138622 15.0 1289
1749628153206 15.0 1290
1749628168543 15.0 1291
1749628184084 15.0 1292
1749628270996 15.0 1293
1749628286152 15.0 1294
1749628300935 15.0 1295
1749628317283 15.0 1296
1749628409897 15.0 1297
1749628425041 15.0 1298
1749628440780 15.0 1299
1749628457281 15.0 1300
1749628546033 15.0 1301
1749628561852 15.0 1302
1749628576701 15.0 1303
1749628593852 15.0 1304
1749628681609 15.0 1305
1749628697292 15.0 1306
1749628711881 15.0 1307
1749628729825 15.0 1308
1749628815922 15.0 1309
1749628830488 15.0 1310
1749628845141 15.0 1311
1749628861863 15.0 1312
1749628951814 15.0 1313
1749628966108 15.0 1314
1749628980924 15.0 1315
1749628998134 15.0 1316
1749629085292 15.0 1317
1749629100349 15.0 1318
1749629114595 15.0 1319
1749629131424 15.0 1320
1749629213288 15.0 1321
1749629225992 15.0 1322
1749629239374 15.0 1323
1749629253712 15.0 1324
1749629295990 15.0 1325
1749629318905 15.0 1326
1749629324611 15.0 1327
1749629969124 15.0 1327
1749630104865 16.0 1328
1749630119953 16.0 1329
1749630136112 16.0 1330
1749630153375 16.0 1331
1749630238287 16.0 1332
1749630255338 16.0 1333
1749630273041 16.0 1334
1749630290445 16.0 1335
1749630366091 16.0 1336
1749630380380 16.0 1337
1749630394431 16.0 1338
1749630406612 16.0 1339
1749630459091 16.0 1340
1749630487786 16.0 1341
1749630502636 16.0 1342
1749630518005 16.0 1343
1749630591630 16.0 1344
1749630623017 16.0 1345
1749630637810 16.0 1346
1749630653241 16.0 1347
1749630723291 16.0 1348
1749630754305 16.0 1349
1749630769045 16.0 1350
1749630783269 16.0 1351
1749630853636 16.0 1352
1749630888986 16.0 1353
1749630902979 16.0 1354
1749630918265 16.0 1355
1749630990744 16.0 1356
1749631022608 16.0 1357
1749631037120 16.0 1358
1749631052027 16.0 1359
1749631128378 16.0 1360
1749631161161 16.0 1361
1749631176222 16.0 1362
1749631190972 16.0 1363
1749631262592 16.0 1364
1749631295792 16.0 1365
1749631310379 16.0 1366
1749631325641 16.0 1367
1749631394771 16.0 1368
1749631428845 16.0 1369
1749631443845 16.0 1370
1749631459416 16.0 1371
1749631529066 16.0 1372
1749631562617 16.0 1373
1749631577632 16.0 1374
1749631592538 16.0 1375
1749631659860 16.0 1376
1749631694367 16.0 1377
1749631709436 16.0 1378
1749631725004 16.0 1379
1749631790570 16.0 1380
1749631828154 16.0 1381
1749631843228 16.0 1382
1749631858444 16.0 1383
1749631928722 16.0 1384
1749631961888 16.0 1385
1749631976583 16.0 1386
1749631991674 16.0 1387
1749632062842 16.0 1388
1749632093829 16.0 1389
1749632108399 16.0 1390
1749632124080 16.0 1391
1749632196625 16.0 1392
1749632228440 16.0 1393
1749632242640 16.0 1394
1749632257567 16.0 1395
1749632326866 16.0 1396
1749632365461 16.0 1397
1749632380026 16.0 1398
1749632394472 16.0 1399
1749632458208 16.0 1400
1749632497107 16.0 1401
1749632512001 16.0 1402
1749632526395 16.0 1403
1749632592161 16.0 1404
1749632624292 16.0 1405
1749632637652 16.0 1406
1749632646715 16.0 1407
1749632684827 16.0 1408
1749632741495 16.0 1409
1749632747341 16.0 1410
1749633332147 16.0 1410
1749633467102 17.0 1411
1749633481955 17.0 1412
1749633497810 17.0 1413
1749633514931 17.0 1414
1749633593284 17.0 1415
1749633607664 17.0 1416
1749633623287 17.0 1417
1749633640806 17.0 1418
1749633720365 17.0 1419
1749633733300 17.0 1420
1749633747097 17.0 1421
1749633761152 17.0 1422
1749633838202 17.0 1423
1749633854245 17.0 1424
1749633869191 17.0 1425
1749633883786 17.0 1426
1749633971069 17.0 1427
1749633986113 17.0 1428
1749634001212 17.0 1429
1749634015945 17.0 1430
1749634104624 17.0 1431
1749634119161 17.0 1432
1749634133371 17.0 1433
1749634148018 17.0 1434
1749634239602 17.0 1435
1749634254459 17.0 1436
1749634268934 17.0 1437
1749634283480 17.0 1438
1749634369373 17.0 1439
1749634384473 17.0 1440
1749634398960 17.0 1441
1749634413227 17.0 1442
1749634503934 17.0 1443
1749634518073 17.0 1444
1749634532860 17.0 1445
1749634547287 17.0 1446
1749634637906 17.0 1447
1749634652379 17.0 1448
1749634666837 17.0 1449
1749634681689 17.0 1450
1749634770936 17.0 1451
1749634785759 17.0 1452
1749634800615 17.0 1453
1749634815656 17.0 1454
1749634904607 17.0 1455
1749634919336 17.0 1456
1749634933819 17.0 1457
1749634948217 17.0 1458
1749635038379 17.0 1459
1749635053373 17.0 1460
1749635068533 17.0 1461
1749635083504 17.0 1462
1749635170670 17.0 1463
1749635184737 17.0 1464
1749635199680 17.0 1465
1749635213939 17.0 1466
1749635304299 17.0 1467
1749635318808 17.0 1468
1749635333313 17.0 1469
1749635348228 17.0 1470
1749635437324 17.0 1471
1749635453274 17.0 1472
1749635467740 17.0 1473
1749635482798 17.0 1474
1749635571489 17.0 1475
1749635586374 17.0 1476
1749635601084 17.0 1477
1749635616036 17.0 1478
1749635705749 17.0 1479
1749635720115 17.0 1480
1749635735722 17.0 1481
1749635750539 17.0 1482
1749635839794 17.0 1483
1749635854220 17.0 1484
1749635868572 17.0 1485
1749635882797 17.0 1486
1749635972027 17.0 1487
1749635984831 17.0 1488
1749635997324 17.0 1489
1749636010095 17.0 1490
1749636053766 17.0 1491
1749636067739 17.0 1492
1749636074064 17.0 1493
1749636658373 17.0 1493
1749636794574 18.0 1494
1749636809322 18.0 1495
1749636823886 18.0 1496
1749636840849 18.0 1497
1749636919851 18.0 1498
1749636935292 18.0 1499
1749636950709 18.0 1500
1749636966993 18.0 1501
1749637047746 18.0 1502
1749637062857 18.0 1503
1749637077408 18.0 1504
1749637094333 18.0 1505
1749637163583 18.0 1506
1749637178468 18.0 1507
1749637193407 18.0 1508
1749637208753 18.0 1509
1749637295021 18.0 1510
1749637313872 18.0 1511
1749637334475 18.0 1512
1749637354825 18.0 1513
1749637437511 18.0 1514
1749637456437 18.0 1515
1749637477632 18.0 1516
1749637497433 18.0 1517
1749637587082 18.0 1518
1749637607030 18.0 1519
1749637628538 18.0 1520
1749637649862 18.0 1521
1749637740805 18.0 1522
1749637760812 18.0 1523
1749637779312 18.0 1524
1749637797958 18.0 1525
1749637892381 18.0 1526
1749637912732 18.0 1527
1749637931373 18.0 1528
1749637949030 18.0 1529
1749638044083 18.0 1530
1749638065637 18.0 1531
1749638085913 18.0 1532
1749638100424 18.0 1533
1749638188373 18.0 1534
1749638205140 18.0 1535
1749638221437 18.0 1536
1749638235890 18.0 1537
1749638326740 18.0 1538
1749638343797 18.0 1539
1749638360021 18.0 1540
1749638375033 18.0 1541
1749638462368 18.0 1542
1749638478927 18.0 1543
1749638493625 18.0 1544
1749638508612 18.0 1545
1749638595341 18.0 1546
1749638612620 18.0 1547
1749638627691 18.0 1548
1749638642657 18.0 1549
1749638730313 18.0 1550
1749638748663 18.0 1551
1749638764828 18.0 1552
1749638779045 18.0 1553
1749638865437 18.0 1554
1749638882371 18.0 1555
1749638899189 18.0 1556
1749638914303 18.0 1557
1749639003343 18.0 1558
1749639021181 18.0 1559
1749639036758 18.0 1560
1749639052603 18.0 1561
1749639139197 18.0 1562
1749639155876 18.0 1563
1749639171929 18.0 1564
1749639186699 18.0 1565
1749639274352 18.0 1566
1749639292715 18.0 1567
1749639307865 18.0 1568
1749639323145 18.0 1569
1749639403852 18.0 1570
1749639419132 18.0 1571
1749639430863 18.0 1572
1749639439243 18.0 1573
1749639494963 18.0 1574
1749639503775 18.0 1575
1749639508667 18.0 1576
1749640117967 18.0 1576
