1749576226753 4304.814453125 0
1749576239413 3873.5 1
1749576252616 4082.240478515625 2
1749576267786 3992.388671875 3
1749576317783 3721.58056640625 4
1749576345357 3573.622802734375 5
1749576360503 3246.27783203125 6
1749576374697 2972.690185546875 7
1749576449376 2976.65771484375 8
1749576489392 3217.3193359375 9
1749576511395 2999.136962890625 10
1749576531667 2573.01611328125 11
1749576628822 2989.812744140625 12
1749576663366 3008.1416015625 13
1749576673010 2922.27685546875 14
1749576684786 2789.710205078125 15
1749576735157 2983.16552734375 16
1749576769816 2981.981689453125 17
1749576784857 2889.181396484375 18
1749576800203 2918.692626953125 19
1749576883769 3083.1630859375 20
1749576925186 2971.7861328125 21
1749576948150 2725.1923828125 22
1749576970260 2902.737060546875 23
1749577068865 2802.4228515625 24
1749577100987 2781.589111328125 25
1749577119054 2554.98193359375 26
1749577138709 2814.45703125 27
1749577215749 2632.917236328125 28
1749577245513 2759.954833984375 29
1749577260356 2692.282958984375 30
1749577274586 2725.697509765625 31
1749577354061 2807.75439453125 32
1749577383297 2840.99560546875 33
1749577398835 2870.2080078125 34
1749577413672 2746.165771484375 35
1749577490284 2735.26904296875 36
1749577520338 2659.960693359375 37
1749577535572 2697.013671875 38
1749577552121 2755.5390625 39
1749577627061 2665.452392578125 40
1749577662950 2827.815185546875 41
1749577678932 2753.5341796875 42
1749577695172 2829.55859375 43
1749577763176 2699.999755859375 44
1749577799640 2704.435791015625 45
1749577814901 2772.541748046875 46
1749577830289 2508.372802734375 47
1749577893801 2645.37548828125 48
1749577934765 2639.70849609375 49
1749577949875 2983.8154296875 50
1749577965135 2675.6123046875 51
1749578026119 2736.172607421875 52
1749578070827 2881.11474609375 53
1749578085585 2516.328125 54
1749578100341 2592.58984375 55
1749578161616 2661.3505859375 56
1749578204756 2586.958984375 57
1749578219857 2654.5341796875 58
1749578235096 2492.607421875 59
1749578297765 2638.074951171875 60
1749578340224 2825.6474609375 61
1749578354975 2538.091796875 62
1749578370341 2618.313232421875 63
1749578430221 2685.91357421875 64
1749578474875 2542.5771484375 65
1749578489630 2534.9599609375 66
1749578505005 2667.558349609375 67
1749578563624 2349.971923828125 68
1749578610235 2454.21484375 69
1749578624941 2373.472412109375 70
1749578639858 2310.963134765625 71
1749578695037 2367.114990234375 72
1749578742085 2241.085205078125 73
1749578756557 1941.351806640625 74
1749578770993 1831.9644775390625 75
1749578827185 2480.0634765625 76
1749578868986 1911.2510986328125 77
1749578881787 2025.64892578125 78
1749578892080 1549.6015625 79
1749578914131 2166.810791015625 80
1749578984012 1390.543701171875 81
1749578990256 1568.6112060546875 82
1749579771121 1219.8111572265625 83
1749579785712 1676.6478271484375 84
1749579800266 1045.7767333984375 85
1749579815764 1461.7587890625 86
1749579899924 1098.818115234375 87
1749579914547 1071.6617431640625 88
1749579930125 1052.1470947265625 89
1749579947244 947.3666381835938 90
1749580029612 1253.4893798828125 91
1749580044601 914.6155395507812 92
1749580060966 912.7910766601562 93
1749580078119 898.5286254882812 94
1749580160621 949.7648315429688 95
1749580174777 1082.35498046875 96
1749580189439 954.9381103515625 97
1749580201663 970.9456176757812 98
1749580278869 887.1469116210938 99
1749580294039 1036.014404296875 100
1749580309148 835.2799682617188 101
1749580323849 919.2578735351562 102
1749580410663 988.9913940429688 103
1749580425648 748.0010986328125 104
1749580439914 1039.430908203125 105
1749580455019 862.0939331054688 106
1749580543851 878.499267578125 107
1749580558965 943.6791381835938 108
1749580573396 841.1140747070312 109
1749580587820 981.1597290039062 110
1749580675150 810.5829467773438 111
1749580689917 821.2052612304688 112
1749580704656 969.9697875976562 113
1749580719325 904.546630859375 114
1749580808430 994.6343383789062 115
1749580823161 841.3262329101562 116
1749580837903 856.92431640625 117
1749580852827 735.10791015625 118
1749580940305 915.9075317382812 119
1749580954668 887.5879516601562 120
1749580969809 875.94775390625 121
1749580984121 890.1279296875 122
1749581072595 842.481201171875 123
1749581087592 822.5870971679688 124
1749581103368 922.6716918945312 125
1749581118044 924.7847290039062 126
1749581204402 862.5422973632812 127
1749581219029 909.7794189453125 128
1749581233729 743.5551147460938 129
1749581248516 817.4136962890625 130
1749581337154 796.0664672851562 131
1749581351792 842.711181640625 132
1749581367407 791.51611328125 133
1749581381995 902.0055541992188 134
1749581468937 782.7559814453125 135
1749581483893 964.8359375 136
1749581498619 695.8914794921875 137
1749581515192 813.7239379882812 138
1749581605488 809.2523803710938 139
1749581622848 921.6458129882812 140
1749581639173 841.4862060546875 141
1749581655497 832.0321655273438 142
1749581744198 890.1696166992188 143
1749581762349 826.5572509765625 144
1749581778505 774.2468872070312 145
1749581795247 899.1511840820312 146
1749581881231 896.1925048828125 147
1749581897123 842.0853271484375 148
1749581912420 822.3861083984375 149
1749581927528 729.5494995117188 150
1749582017189 782.1541748046875 151
1749582031248 834.0109252929688 152
1749582045866 796.0589599609375 153
1749582060488 760.8800659179688 154
1749582151323 911.9011840820312 155
1749582165653 696.0297241210938 156
1749582180767 764.0563354492188 157
1749582195603 828.08642578125 158
1749582275879 785.5155639648438 159
1749582289943 708.8145141601562 160
1749582303485 826.0492553710938 161
1749582316464 687.6343994140625 162
1749582387135 713.582763671875 163
1749582396392 812.1887817382812 164
1749582402043 644.686279296875 165
1749583179042 745.462890625 166
1749583194593 942.422607421875 167
1749583209322 841.07080078125 168
1749583224540 814.0715942382812 169
1749583304887 795.5717163085938 170
1749583320415 915.3644409179688 171
1749583335379 804.7199096679688 172
1749583349849 820.2688598632812 173
1749583431375 756.8375854492188 174
1749583439645 870.1009521484375 175
1749583447688 877.2667236328125 176
1749583455717 777.0472412109375 177
1749583532223 786.723876953125 178
1749583544693 827.7691040039062 179
1749583557188 789.3667602539062 180
1749583570861 897.936279296875 181
1749583643455 841.8203125 182
1749583658316 803.1612548828125 183
1749583673021 844.151611328125 184
1749583687872 856.7312622070312 185
1749583776134 881.940673828125 186
1749583790505 800.09912109375 187
1749583805049 715.9248046875 188
1749583819115 859.5377197265625 189
1749583911573 728.5151977539062 190
1749583926663 708.0475463867188 191
1749583940654 960.1767578125 192
1749583955429 676.2246704101562 193
1749584043900 753.7337646484375 194
1749584059155 937.2412109375 195
1749584073659 977.6691284179688 196
1749584089171 844.5651245117188 197
1749584175326 860.7398681640625 198
1749584189860 904.2868041992188 199
1749584203945 888.3065185546875 200
1749584219416 759.042724609375 201
1749584309860 782.3902587890625 202
1749584324849 800.353271484375 203
1749584339820 916.1118774414062 204
1749584355955 758.8383178710938 205
1749584439507 880.0541381835938 206
1749584454620 793.6170654296875 207
1749584469264 703.9366455078125 208
1749584484065 766.4949951171875 209
1749584573278 933.7192993164062 210
1749584587988 820.8065795898438 211
1749584602502 930.8790283203125 212
1749584617467 695.4799194335938 213
1749584703698 772.3467407226562 214
1749584718488 823.3558959960938 215
1749584732898 695.5888671875 216
1749584747431 757.9684448242188 217
1749584836641 854.969970703125 218
1749584850872 808.86767578125 219
1749584865745 741.6326904296875 220
1749584880304 723.3214111328125 221
1749584969064 812.4401245117188 222
1749584984191 697.8040771484375 223
1749584997751 811.4386596679688 224
1749585012335 752.4818115234375 225
1749585101564 819.4849243164062 226
1749585116825 822.353759765625 227
1749585130977 680.08935546875 228
1749585146214 814.11865234375 229
1749585231426 830.0181884765625 230
1749585246160 785.6823120117188 231
1749585260994 770.9107666015625 232
1749585275721 739.445068359375 233
1749585361521 845.1517944335938 234
1749585376273 802.6625366210938 235
1749585391141 687.6151123046875 236
1749585406465 855.3746948242188 237
1749585495494 880.3685913085938 238
1749585509862 811.1848754882812 239
1749585524066 761.5999145507812 240
1749585538220 877.4774780273438 241
1749585617443 827.9589233398438 242
1749585630153 944.29931640625 243
1749585642826 759.160888671875 244
1749585656355 757.698486328125 245
1749585697468 846.433837890625 246
1749585710166 684.3381958007812 247
1749585715772 884.3646850585938 248
1749586433380 927.2588500976562 249
1749586447537 784.8059692382812 250
1749586461877 814.124267578125 251
1749586476784 711.790771484375 252
1749586559510 804.7659912109375 253
1749586573968 700.1534423828125 254
1749586588974 797.8748168945312 255
1749586603963 723.396240234375 256
1749586689466 722.00146484375 257
1749586703840 889.1364135742188 258
1749586718682 780.5961303710938 259
1749586734277 767.1762084960938 260
1749586819052 799.5939331054688 261
1749586832154 777.4373168945312 262
1749586844694 996.097900390625 263
1749586857538 775.8436889648438 264
1749586906020 1023.0568237304688 265
1749586918666 865.31640625 266
1749586934965 754.7739868164062 267
1749586950227 1115.9779052734375 268
1749586998732 1017.1953125 269
1749587013173 1493.4833984375 270
1749587063574 833.139404296875 271
1749587080215 1003.4454345703125 272
1749587130372 794.394287109375 273
1749587145256 1148.6092529296875 274
1749587194751 1066.02001953125 275
1749587211714 848.9819946289062 276
1749587263692 1074.9144287109375 277
1749587279173 933.7198486328125 278
1749587328146 814.3497314453125 279
1749587344916 1001.0380249023438 280
1749587394656 764.8029174804688 281
1749587408828 787.3278198242188 282
1749587459571 890.91552734375 283
1749587477479 771.4491577148438 284
1749587528322 775.5543823242188 285
1749587543109 839.0377807617188 286
1749587594691 897.897216796875 287
1749587612353 894.9972534179688 288
1749587661028 745.70947265625 289
1749587675734 816.6871948242188 290
1749587726300 683.4222412109375 291
1749587743844 847.51806640625 292
1749587794902 897.53955078125 293
1749587810005 870.31591796875 294
1749587858081 821.4815063476562 295
1749587874876 658.7673950195312 296
1749587928543 705.4793090820312 297
1749587943030 702.9694213867188 298
1749587991761 740.0182495117188 299
1749588009652 754.8768920898438 300
1749588060133 802.8983764648438 301
1749588074210 661.5564575195312 302
1749588127418 790.94189453125 303
1749588144538 798.5375366210938 304
1749588194057 787.1008911132812 305
1749588209614 664.3964233398438 306
1749588260582 786.1801147460938 307
1749588277192 792.1058349609375 308
1749588328212 691.0867919921875 309
1749588342519 736.1571655273438 310
1749588395768 763.3790283203125 311
1749588413382 709.2275390625 312
1749588461381 752.8795166015625 313
1749588476005 872.6007690429688 314
1749588523473 743.5911254882812 315
1749588540891 772.5535278320312 316
1749588598011 702.31005859375 317
1749588612984 692.7078857421875 318
1749588656733 713.9578247070312 319
1749588674366 714.6824951171875 320
1749588734011 743.2477416992188 321
1749588749081 828.6285400390625 322
1749588791725 766.9154052734375 323
1749588809580 724.0220336914062 324
1749588867863 815.1438598632812 325
1749588880591 656.2222900390625 326
1749588920942 716.061767578125 327
1749588937041 862.4099731445312 328
1749588976397 725.125244140625 329
1749588989189 643.6173706054688 330
1749588995249 764.0263671875 331
1749589757160 819.0321655273438 332
1749589773817 768.6798095703125 333
1749589788160 828.8682861328125 334
1749589803526 919.9437255859375 335
1749589889245 748.0873413085938 336
1749589903692 783.539794921875 337
1749589917855 800.5592041015625 338
1749589931665 686.7703857421875 339
1749590019716 708.7771606445312 340
1749590036213 738.2675170898438 341
1749590053469 724.3681030273438 342
1749590070841 700.375244140625 343
1749590152146 742.5016479492188 344
1749590166967 771.32177734375 345
1749590182081 650.1563110351562 346
1749590196304 658.5260620117188 347
1749590272644 699.7099609375 348
1749590285213 794.8272094726562 349
1749590297979 731.7730102539062 350
1749590313225 678.0589599609375 351
1749590385703 827.0860595703125 352
1749590400119 739.537109375 353
1749590414765 698.9979248046875 354
1749590430084 766.9068603515625 355
1749590521499 760.5950317382812 356
1749590536509 786.2978515625 357
1749590550513 753.1548461914062 358
1749590568460 636.9083862304688 359
1749590655343 772.0840454101562 360
1749590670473 718.498046875 361
1749590685021 731.9202880859375 362
1749590702551 728.6376953125 363
1749590790222 738.7638549804688 364
1749590804702 841.7852783203125 365
1749590820641 755.9365844726562 366
1749590837497 737.9400634765625 367
1749590921631 746.9369506835938 368
1749590935764 700.597900390625 369
1749590950792 791.9013061523438 370
1749590967186 697.062744140625 371
1749591054230 662.9453735351562 372
1749591069236 678.876220703125 373
1749591085085 714.290771484375 374
1749591101722 681.2279663085938 375
1749591186600 807.8624877929688 376
1749591201815 879.2361450195312 377
1749591217854 719.1881713867188 378
1749591234300 705.65625 379
1749591320883 806.5975952148438 380
1749591335287 865.6774291992188 381
1749591350900 699.5556640625 382
1749591366901 747.3677978515625 383
1749591455920 726.9095458984375 384
1749591470226 767.9607543945312 385
1749591486665 747.3090209960938 386
1749591502577 702.2244262695312 387
1749591589352 637.7042236328125 388
1749591606832 838.2595825195312 389
1749591623868 707.3433227539062 390
1749591638903 801.847900390625 391
1749591719205 810.4596557617188 392
1749591733940 696.6314086914062 393
1749591749312 694.0035400390625 394
1749591765066 683.1702270507812 395
1749591855576 828.633544921875 396
1749591870174 642.5582885742188 397
1749591885557 788.153564453125 398
1749591902344 727.786376953125 399
1749591988866 776.9481811523438 400
1749592003581 684.5997924804688 401
1749592018794 622.073974609375 402
1749592035789 677.736083984375 403
1749592119932 683.5668334960938 404
1749592135448 831.9141235351562 405
1749592150888 822.7987670898438 406
1749592166414 747.2144165039062 407
1749592234383 618.0588989257812 408
1749592242440 585.124755859375 409
1749592250523 747.279541015625 410
1749592260919 680.680908203125 411
1749592350022 723.5729370117188 412
1749592363457 613.97802734375 413
1749592367496 759.3665771484375 414
1749593100237 835.9030151367188 415
1749593118527 688.667724609375 416
1749593135865 740.4373168945312 417
1749593151109 688.99560546875 418
1749593227030 764.6845092773438 419
1749593244872 718.7012939453125 420
1749593261189 755.4080200195312 421
1749593276205 688.722412109375 422
1749593357739 703.5367431640625 423
1749593375340 695.9505615234375 424
1749593389855 761.5845947265625 425
1749593405309 691.827880859375 426
1749593484885 781.0549926757812 427
1749593502748 753.7311401367188 428
1749593517268 708.6914672851562 429
1749593532307 702.6865844726562 430
1749593605600 656.7177124023438 431
1749593619048 775.8209228515625 432
1749593631906 882.2042236328125 433
1749593644860 646.711669921875 434
1749593706416 843.3377075195312 435
1749593721454 654.9383544921875 436
1749593736217 745.7832641601562 437
1749593750430 712.557861328125 438
1749593839770 776.0208129882812 439
1749593855187 775.4359130859375 440
1749593869961 669.4404296875 441
1749593884733 708.5293579101562 442
1749593972565 751.1927490234375 443
1749593987371 744.8765869140625 444
1749594001951 737.4900512695312 445
1749594016669 684.0928344726562 446
1749594106525 664.6536254882812 447
1749594121243 742.8439331054688 448
1749594136064 658.49169921875 449
1749594150674 730.8767700195312 450
1749594241721 604.177490234375 451
1749594256085 678.4977416992188 452
1749594270960 695.5535278320312 453
1749594286192 711.0589599609375 454
1749594373702 700.8406372070312 455
1749594388765 701.2379760742188 456
1749594403997 678.5308227539062 457
1749594418673 650.3653564453125 458
1749594504430 669.4974975585938 459
1749594518706 522.5588989257812 460
1749594533496 706.1858520507812 461
1749594548165 727.7150268554688 462
1749594633974 723.1654052734375 463
1749594648077 762.7403564453125 464
1749594662813 830.066162109375 465
1749594678000 726.28173828125 466
1749594763963 732.383544921875 467
1749594778857 743.0386352539062 468
1749594794328 744.2189331054688 469
1749594808238 711.218017578125 470
1749594896632 835.7635498046875 471
1749594911241 675.5414428710938 472
1749594926155 610.0554809570312 473
1749594941117 802.8873291015625 474
1749595027608 647.035400390625 475
1749595042476 756.3745727539062 476
1749595056676 739.743408203125 477
1749595071264 589.3492431640625 478
1749595158435 803.9725341796875 479
1749595173673 800.802001953125 480
1749595188251 780.294677734375 481
1749595203231 845.03271484375 482
1749595292981 694.00244140625 483
1749595307479 742.2842407226562 484
1749595322447 728.3080444335938 485
1749595337181 698.70361328125 486
1749595427873 719.2503051757812 487
1749595443287 728.159423828125 488
1749595458861 742.1278076171875 489
1749595475816 702.7488403320312 490
1749595555424 771.77197265625 491
1749595568134 769.2606811523438 492
1749595580735 658.1326293945312 493
1749595594072 663.100830078125 494
1749595663372 744.3209838867188 495
1749595676466 760.1402587890625 496
1749595682700 766.5122680664062 497
1749596436769 745.6737060546875 498
1749596454171 721.1160278320312 499
1749596471921 728.220703125 500
1749596487052 683.5480346679688 501
1749596563130 636.7481079101562 502
1749596580776 694.3681030273438 503
1749596597987 732.7323608398438 504
1749596612249 801.97216796875 505
1749596698953 708.4256591796875 506
1749596715610 789.2407836914062 507
1749596730831 665.337646484375 508
1749596745030 714.7445068359375 509
1749596825867 657.2295532226562 510
1749596841433 759.8407592773438 511
1749596856506 796.6097412109375 512
1749596871765 815.6515502929688 513
1749596938843 645.37353515625 514
1749596947037 742.9071044921875 515
1749596954849 648.78759765625 516
1749596962930 722.2365112304688 517
1749597051968 737.0233764648438 518
1749597066528 695.76708984375 519
1749597081864 675.26318359375 520
1749597096749 740.2947387695312 521
1749597184798 732.1615600585938 522
1749597199937 587.2152709960938 523
1749597214215 681.969970703125 524
1749597228937 694.02197265625 525
1749597316525 684.4483032226562 526
1749597331406 606.04345703125 527
1749597345603 659.268310546875 528
1749597360051 673.9096069335938 529
1749597451276 646.5457763671875 530
1749597466442 709.9413452148438 531
1749597481089 820.4862670898438 532
1749597496123 738.2012329101562 533
1749597586342 699.1936645507812 534
1749597600967 617.6580200195312 535
1749597616160 700.4248046875 536
1749597631631 643.3123168945312 537
1749597718980 759.3784790039062 538
1749597733374 739.8467407226562 539
1749597747985 766.0518798828125 540
1749597763047 770.0239868164062 541
1749597851146 883.474609375 542
1749597866382 697.284912109375 543
1749597880955 707.7886352539062 544
1749597896009 553.706787109375 545
1749597984241 723.9266357421875 546
1749597998300 765.492431640625 547
1749598013199 749.1021118164062 548
1749598029674 766.934326171875 549
1749598121947 687.4563598632812 550
1749598136931 706.966796875 551
1749598152483 670.59326171875 552
1749598169929 685.1939697265625 553
1749598255608 779.7348022460938 554
1749598269869 655.9270629882812 555
1749598285561 787.9462280273438 556
1749598301739 654.7819213867188 557
1749598389922 811.447265625 558
1749598404201 756.1199340820312 559
1749598420064 697.7225952148438 560
1749598437394 638.9965209960938 561
1749598521924 698.2409057617188 562
1749598536584 666.9267578125 563
1749598553264 716.458984375 564
1749598570780 791.6148681640625 565
1749598656729 678.5152587890625 566
1749598671780 774.5987548828125 567
1749598688373 572.5336303710938 568
1749598705841 693.7077026367188 569
1749598791545 628.2216796875 570
1749598807128 701.1118774414062 571
1749598822839 680.5311279296875 572
1749598839967 669.24609375 573
1749598926367 799.1947021484375 574
1749598940972 760.34716796875 575
1749598956312 685.3187866210938 576
1749598971475 747.244140625 577
1749599016749 818.186767578125 578
1749599029796 770.6404418945312 579
1749599036097 706.2456665039062 580
1749599781741 844.5597534179688 581
1749599799189 740.4849243164062 582
1749599817284 601.6552124023438 583
1749599834936 755.1521606445312 584
1749599909783 648.003173828125 585
1749599926801 656.3984985351562 586
1749599944932 676.75244140625 587
1749599960629 732.3409423828125 588
1749600042092 732.31689453125 589
1749600059180 733.0504760742188 590
1749600076089 768.855224609375 591
1749600090603 633.3074951171875 592
1749600173774 798.19873046875 593
1749600191149 670.0144653320312 594
1749600206793 742.4989624023438 595
1749600223741 746.3607177734375 596
1749600302577 727.4788208007812 597
1749600315306 607.4866943359375 598
1749600323214 808.6803588867188 599
1749600336775 678.9388427734375 600
1749600404912 671.7200317382812 601
1749600420338 623.1912231445312 602
1749600434204 549.3692626953125 603
1749600449736 572.32861328125 604
1749600536133 677.9054565429688 605
1749600550479 572.08203125 606
1749600566220 748.0218505859375 607
1749600580281 775.6983642578125 608
1749600667557 684.9034423828125 609
1749600685930 578.133056640625 610
1749600700743 757.6406860351562 611
1749600714750 691.3843994140625 612
1749600800558 767.302978515625 613
1749600819009 742.6624145507812 614
1749600833983 612.34716796875 615
1749600849993 763.133544921875 616
1749600931048 688.5808715820312 617
1749600954064 677.81103515625 618
1749600969469 598.13671875 619
1749600984887 673.8657836914062 620
1749601064377 747.8609619140625 621
1749601087095 701.8594970703125 622
1749601101942 711.6317749023438 623
1749601116372 708.1273803710938 624
1749601195620 680.7755737304688 625
1749601218881 720.7473754882812 626
1749601233623 743.35205078125 627
1749601248313 785.8432006835938 628
1749601328551 715.4182739257812 629
1749601352397 672.591552734375 630
1749601367161 639.2716674804688 631
1749601382537 641.1194458007812 632
1749601460621 710.5784301757812 633
1749601487483 584.3806762695312 634
1749601502300 821.296630859375 635
1749601517922 722.8658447265625 636
1749601594431 613.568603515625 637
1749601620344 620.9411010742188 638
1749601635772 643.51025390625 639
1749601651936 673.0740356445312 640
1749601731620 675.8705444335938 641
1749601753768 793.1065673828125 642
1749601769089 742.4661254882812 643
1749601786038 817.1206665039062 644
1749601864444 708.02685546875 645
1749601886598 701.9314575195312 646
1749601901555 749.3126831054688 647
1749601919533 698.9757690429688 648
1749602000328 701.173095703125 649
1749602018815 759.7088623046875 650
1749602033320 695.2739868164062 651
1749602050564 659.4401245117188 652
1749602137488 778.9468994140625 653
1749602152298 676.7681884765625 654
1749602168469 657.4850463867188 655
1749602186124 688.8274536132812 656
1749602264640 726.7278442382812 657
1749602279056 698.6397705078125 658
1749602292411 650.9110717773438 659
1749602307281 636.61767578125 660
1749602365654 647.6607666015625 661
1749602378251 778.6162719726562 662
1749602383899 617.5817260742188 663
1749603163222 692.0178833007812 664
1749603177352 690.7608642578125 665
1749603192078 738.025390625 666
1749603207211 768.3118896484375 667
1749603292056 695.371337890625 668
1749603306664 631.5274047851562 669
1749603321809 736.851318359375 670
1749603336860 650.6168823242188 671
1749603418887 734.654541015625 672
1749603434382 706.834716796875 673
1749603448716 664.6961059570312 674
1749603462929 671.719970703125 675
1749603544269 619.2536010742188 676
1749603558966 543.11767578125 677
1749603573745 758.4287109375 678
1749603588976 685.6199340820312 679
1749603664979 677.8494873046875 680
1749603679253 735.5405883789062 681
1749603694001 648.5771484375 682
1749603709355 809.025146484375 683
1749603789726 611.0188598632812 684
1749603807992 647.6922607421875 685
1749603824851 614.7096557617188 686
1749603841257 685.1885986328125 687
1749603919490 691.4127807617188 688
1749603936121 651.263427734375 689
1749603954221 628.7022705078125 690
1749603970715 610.0824584960938 691
1749604053646 562.42578125 692
1749604071165 661.0360717773438 693
1749604087403 651.1260375976562 694
1749604103867 714.1593017578125 695
1749604194141 687.7223510742188 696
1749604211362 612.439453125 697
1749604228045 566.808837890625 698
1749604244221 705.1204833984375 699
1749604329883 642.76123046875 700
1749604346784 713.2620849609375 701
1749604362868 685.6600341796875 702
1749604379535 688.172607421875 703
1749604465912 775.4075317382812 704
1749604483976 641.3087158203125 705
1749604501457 687.58740234375 706
1749604515946 713.7113037109375 707
1749604599597 700.40234375 708
1749604616789 660.1669921875 709
1749604634507 670.582275390625 710
1749604648713 816.904296875 711
1749604730701 680.38671875 712
1749604748051 705.6480102539062 713
1749604765812 719.10009765625 714
1749604781328 667.5292358398438 715
1749604863160 677.9925537109375 716
1749604880148 839.056396484375 717
1749604898810 602.2781372070312 718
1749604913773 593.5012817382812 719
1749604994685 679.5769653320312 720
1749605011520 660.710205078125 721
1749605028945 666.101806640625 722
1749605044728 662.7979736328125 723
1749605128298 677.6401977539062 724
1749605145625 630.233154296875 725
1749605162941 734.5810546875 726
1749605179755 717.3023681640625 727
1749605263238 657.0369873046875 728
1749605281277 571.1824951171875 729
1749605298549 723.8538208007812 730
1749605314445 671.7750244140625 731
1749605396872 677.0586547851562 732
1749605414642 630.4540405273438 733
1749605432998 561.437255859375 734
1749605448540 684.4808959960938 735
1749605531160 731.223876953125 736
1749605547673 705.1295776367188 737
1749605565057 650.2227172851562 738
1749605581101 662.4288940429688 739
1749605657478 627.7453002929688 740
1749605673098 600.6884765625 741
1749605688592 584.7029418945312 742
1749605703697 682.3524169921875 743
1749605779166 725.7843627929688 744
1749605793175 642.9622802734375 745
1749605799310 552.930419921875 746
1749606498364 683.54345703125 747
1749606515917 675.5316772460938 748
1749606534187 580.2363891601562 749
1749606549716 780.6055297851562 750
1749606630125 764.0086669921875 751
1749606647164 844.43408203125 752
1749606663345 546.8209228515625 753
1749606678188 698.47119140625 754
1749606760272 683.718017578125 755
1749606778242 680.9019775390625 756
1749606792984 667.1976928710938 757
1749606808312 676.6337890625 758
1749606892314 918.78662109375 759
1749606907914 833.1666870117188 760
1749606922252 744.272705078125 761
1749606937122 639.141845703125 762
1749607012186 970.5369873046875 763
1749607022465 949.34130859375 764
1749607037136 690.2026977539062 765
1749607052074 825.7776489257812 766
1749607130716 994.46826171875 767
1749607145532 784.1146240234375 768
1749607162597 899.2781372070312 769
1749607180185 746.3970947265625 770
1749607264612 722.9615478515625 771
1749607279232 772.8241577148438 772
1749607297129 682.4638061523438 773
1749607315738 726.5401611328125 774
1749607396463 822.6648559570312 775
1749607411361 598.7302856445312 776
1749607427614 660.8818969726562 777
1749607444875 728.236572265625 778
1749607530193 636.2324829101562 779
1749607544884 662.694091796875 780
1749607562113 662.954345703125 781
1749607578891 749.0387573242188 782
1749607666944 730.7180786132812 783
1749607682504 700.3822631835938 784
1749607699674 701.3547973632812 785
1749607717026 629.3637084960938 786
1749607800412 727.3821411132812 787
1749607816572 748.0574340820312 788
1749607833804 634.4039916992188 789
1749607851819 664.392578125 790
1749607935118 612.9534912109375 791
1749607951070 744.3842163085938 792
1749607968282 776.0059814453125 793
1749607985001 662.88525390625 794
1749608067866 547.5933837890625 795
1749608083979 666.6953125 796
1749608100926 661.1378173828125 797
1749608118617 741.7431640625 798
1749608202636 730.2822875976562 799
1749608220911 675.9268798828125 800
1749608238339 633.2411499023438 801
1749608256031 728.1107788085938 802
1749608343295 705.7684326171875 803
1749608359995 710.3370971679688 804
1749608378090 647.4927978515625 805
1749608395228 692.3013916015625 806
1749608476184 716.8236083984375 807
1749608493357 628.7493286132812 808
1749608510819 677.9017944335938 809
1749608527682 686.3368530273438 810
1749608607769 642.6369018554688 811
1749608624581 728.6349487304688 812
1749608641358 641.5027465820312 813
1749608658045 823.9970092773438 814
1749608743654 606.09423828125 815
1749608759464 576.35400390625 816
1749608778353 640.8661499023438 817
1749608795649 567.5447387695312 818
1749608876717 706.8236694335938 819
1749608893536 585.2623901367188 820
1749608911613 547.3115234375 821
1749608928535 555.4271850585938 822
1749609004037 558.62109375 823
1749609018848 762.5885620117188 824
1749609032844 580.6270141601562 825
1749609047037 555.3968505859375 826
1749609096263 692.2088012695312 827
1749609109477 630.880615234375 828
1749609115687 689.736328125 829
1749609871498 669.1869506835938 830
1749609888721 647.57470703125 831
1749609903793 679.2886962890625 832
1749609919340 529.6383056640625 833
1749609999014 735.6039428710938 834
1749610013936 623.2809448242188 835
1749610028846 723.8603515625 836
1749610044110 660.4452514648438 837
1749610125073 616.7255249023438 838
1749610140064 544.846435546875 839
1749610155232 640.244873046875 840
1749610169770 579.401123046875 841
1749610254201 647.9728393554688 842
1749610269438 517.4200439453125 843
1749610284821 658.1203002929688 844
1749610299767 592.3333129882812 845
1749610355696 688.9071655273438 846
1749610366295 705.67236328125 847
1749610378882 593.9993286132812 848
1749610390236 720.7880249023438 849
1749610463029 663.8272094726562 850
1749610477938 662.9864501953125 851
1749610492788 605.3106079101562 852
1749610507404 633.76318359375 853
1749610594965 602.3570556640625 854
1749610609942 598.1973266601562 855
1749610625069 620.55908203125 856
1749610639694 709.6343994140625 857
1749610725245 681.5116577148438 858
1749610743716 647.59912109375 859
1749610757952 739.5028076171875 860
1749610772601 677.4644775390625 861
1749610856233 551.6834716796875 862
1749610876805 551.3370971679688 863
1749610892113 620.4337158203125 864
1749610907217 667.2862548828125 865
1749610986181 487.04022216796875 866
1749611012122 673.6456909179688 867
1749611025969 655.5147094726562 868
1749611040848 570.0470581054688 869
1749611122195 633.5838623046875 870
1749611141704 487.3585205078125 871
1749611156861 617.7836303710938 872
1749611172008 655.26025390625 873
1749611257018 549.0186157226562 874
1749611272440 550.6563720703125 875
1749611287451 612.7430419921875 876
1749611302093 564.4959716796875 877
1749611390796 608.5154418945312 878
1749611405483 632.990234375 879
1749611419848 625.0985107421875 880
1749611435181 689.7236938476562 881
1749611521585 573.8886108398438 882
1749611538858 520.6451416015625 883
1749611553680 621.5557861328125 884
1749611567948 548.0227661132812 885
1749611653224 644.4893188476562 886
1749611671706 636.6182861328125 887
1749611687193 521.1688842773438 888
1749611702242 595.5341796875 889
1749611787252 606.1160888671875 890
1749611805045 662.9505615234375 891
1749611819616 502.41912841796875 892
1749611833956 527.7839965820312 893
1749611920768 623.0184326171875 894
1749611937533 495.6138000488281 895
1749611951934 624.09716796875 896
1749611966637 637.9234619140625 897
1749612054023 647.0311889648438 898
1749612071480 618.7454223632812 899
1749612086016 543.4232177734375 900
1749612100500 639.9874267578125 901
1749612188445 708.60205078125 902
1749612203483 647.7254638671875 903
1749612217796 911.8524780273438 904
1749612232079 688.1705932617188 905
1749612321047 642.8359375 906
1749612335836 761.3704833984375 907
1749612348515 681.977294921875 908
1749612361131 652.6432495117188 909
1749612436054 617.8859252929688 910
1749612448769 618.6377563476562 911
1749612454636 603.8101806640625 912
1749613219657 553.5836791992188 913
1749613234591 579.7637939453125 914
1749613248888 600.3880615234375 915
1749613264721 655.3078002929688 916
1749613345317 616.6168212890625 917
1749613359941 654.956298828125 918
1749613375597 588.6779174804688 919
1749613390920 718.8740844726562 920
1749613474009 703.9107666015625 921
1749613489042 573.9695434570312 922
1749613503594 565.8002319335938 923
1749613518027 542.4768676757812 924
1749613604452 423.6222839355469 925
1749613619399 681.8470458984375 926
1749613633599 635.5586547851562 927
1749613648024 629.658935546875 928
1749613718397 443.0935974121094 929
1749613733043 588.592041015625 930
1749613748155 626.2050170898438 931
1749613763462 667.7786254882812 932
1749613846821 569.2749633789062 933
1749613864426 623.8695678710938 934
1749613881348 665.6926879882812 935
1749613898729 570.95947265625 936
1749613980868 574.9024658203125 937
1749613998105 598.8909301757812 938
1749614016809 583.4362182617188 939
1749614033701 620.2351684570312 940
1749614114324 630.3927612304688 941
1749614131478 481.6365661621094 942
1749614148427 584.5762329101562 943
1749614165785 556.9423217773438 944
1749614252624 657.5630493164062 945
1749614270061 610.3411254882812 946
1749614288709 556.9769897460938 947
1749614304749 477.5750427246094 948
1749614390543 540.401611328125 949
1749614408447 507.3674621582031 950
1749614426058 602.19775390625 951
1749614440477 591.2371826171875 952
1749614524333 585.194091796875 953
1749614541973 566.0718383789062 954
1749614559367 631.7905883789062 955
1749614574105 546.49609375 956
1749614657529 555.2686767578125 957
1749614674070 614.37158203125 958
1749614691318 564.2070922851562 959
1749614706393 581.7267456054688 960
1749614794093 687.254638671875 961
1749614810660 613.1861572265625 962
1749614827680 619.3687744140625 963
1749614842772 601.0432739257812 964
1749614924779 557.1505126953125 965
1749614942276 546.4146118164062 966
1749614959843 676.5994873046875 967
1749614973810 649.8954467773438 968
1749615057779 628.615234375 969
1749615074886 662.0347290039062 970
1749615092721 634.1781616210938 971
1749615107525 583.3877563476562 972
1749615187661 575.044677734375 973
1749615205505 646.5469970703125 974
1749615221420 609.1353759765625 975
1749615236789 701.8982543945312 976
1749615321094 548.4053344726562 977
1749615337838 532.8214721679688 978
1749615355160 677.0827026367188 979
1749615371060 617.3685913085938 980
1749615453573 522.2655639648438 981
1749615470776 534.0092163085938 982
1749615489709 618.0797729492188 983
1749615504667 470.6103210449219 984
1749615584752 602.8544921875 985
1749615602108 577.6798095703125 986
1749615619031 533.6202392578125 987
1749615635569 560.4080810546875 988
1749615718144 577.4556884765625 989
1749615734207 603.371826171875 990
1749615749968 546.6576538085938 991
1749615763849 508.0854187011719 992
1749615818274 495.6814880371094 993
1749615828358 602.1654052734375 994
1749615833613 645.8734130859375 995
1749616579953 685.3414306640625 996
1749616594457 572.1405639648438 997
1749616608498 588.7789916992188 998
1749616623148 594.39208984375 999
1749616707637 688.3698120117188 1000
1749616722962 582.7482299804688 1001
1749616737435 501.6216735839844 1002
1749616752584 584.15673828125 1003
1749616838397 534.66357421875 1004
1749616853481 577.8187866210938 1005
1749616868678 511.8478088378906 1006
1749616883203 628.1090087890625 1007
1749616971712 677.677734375 1008
1749616987060 596.5595703125 1009
1749617000860 531.1870727539062 1010
1749617014300 553.4874267578125 1011
1749617063758 595.0318603515625 1012
1749617074933 597.8590698242188 1013
1749617089560 601.1792602539062 1014
1749617104452 563.4461059570312 1015
1749617167488 585.677001953125 1016
1749617182167 633.199951171875 1017
1749617197584 631.6290893554688 1018
1749617215396 608.6677856445312 1019
1749617299232 570.2059936523438 1020
1749617313769 597.8461303710938 1021
1749617328564 573.811279296875 1022
1749617346560 573.5137329101562 1023
1749617432814 542.1944580078125 1024
1749617447545 622.8724975585938 1025
1749617462521 526.20751953125 1026
1749617479634 650.6597900390625 1027
1749617569737 564.1864624023438 1028
1749617584341 558.33056640625 1029
1749617599205 625.12158203125 1030
1749617617249 567.3991088867188 1031
1749617702636 567.7947998046875 1032
1749617716976 531.1823120117188 1033
1749617731796 688.8411254882812 1034
1749617748935 614.549072265625 1035
1749617837359 541.4918823242188 1036
1749617851751 604.8392944335938 1037
1749617867910 634.4537353515625 1038
1749617884529 489.9492492675781 1039
1749617969229 530.526611328125 1040
1749617983944 572.4892578125 1041
1749617999055 491.3944396972656 1042
1749618016637 683.8165893554688 1043
1749618099594 458.6263732910156 1044
1749618113307 685.8807373046875 1045
1749618127874 533.0875244140625 1046
1749618145489 603.02392578125 1047
1749618235532 477.9147644042969 1048
1749618250896 519.4352416992188 1049
1749618266177 546.0758666992188 1050
1749618283704 579.0667724609375 1051
1749618368402 529.6279296875 1052
1749618383049 565.6786499023438 1053
1749618398439 557.3839111328125 1054
1749618414956 614.79833984375 1055
1749618502081 630.1035766601562 1056
1749618516446 568.7257690429688 1057
1749618532725 548.3345947265625 1058
1749618550933 542.724853515625 1059
1749618635876 542.9181518554688 1060
1749618650625 574.6298217773438 1061
1749618668281 703.3193359375 1062
1749618686293 564.0623168945312 1063
1749618768893 553.9253540039062 1064
1749618783543 629.8831176757812 1065
1749618800817 536.456298828125 1066
1749618818218 493.61737060546875 1067
1749618902808 613.5504760742188 1068
1749618917873 620.6487426757812 1069
1749618935190 594.0120849609375 1070
1749618951667 515.9774169921875 1071
1749619034569 534.4597778320312 1072
1749619049270 656.3986206054688 1073
1749619064513 578.4653930664062 1074
1749619081289 471.7614440917969 1075
1749619128945 613.0368041992188 1076
1749619141697 591.2811279296875 1077
1749619147339 551.8341674804688 1078
1749619920970 512.9342041015625 1079
1749619936779 575.1607666015625 1080
1749619951806 556.454833984375 1081
1749619966836 569.2452392578125 1082
1749620047831 663.5596313476562 1083
1749620063005 586.6998291015625 1084
1749620078099 566.3558349609375 1085
1749620092605 625.2568359375 1086
1749620173949 568.52880859375 1087
1749620189244 535.4130859375 1088
1749620204590 593.9878540039062 1089
1749620219797 597.6746215820312 1090
1749620301100 521.466552734375 1091
1749620316526 561.3794555664062 1092
1749620331050 527.6345825195312 1093
1749620345861 616.6578979492188 1094
1749620424343 598.818359375 1095
1749620438820 639.7545166015625 1096
1749620453514 550.5196533203125 1097
1749620468457 596.2484741210938 1098
1749620556805 521.7546997070312 1099
1749620574521 587.5257568359375 1100
1749620591721 598.74365234375 1101
1749620609736 495.2668151855469 1102
1749620691274 547.0419311523438 1103
1749620709688 623.8890380859375 1104
1749620727284 692.518798828125 1105
1749620745318 668.6539916992188 1106
1749620829632 713.0317993164062 1107
1749620847185 636.2273559570312 1108
1749620864500 564.4832763671875 1109
1749620882008 632.903076171875 1110
1749620961510 554.78857421875 1111
1749620977504 524.2599487304688 1112
1749620994476 667.0050659179688 1113
1749621011939 555.6439819335938 1114
1749621091444 529.0067138671875 1115
1749621108756 568.7179565429688 1116
1749621126267 639.9082641601562 1117
1749621142951 600.4920654296875 1118
1749621226928 492.05328369140625 1119
1749621244070 545.0389404296875 1120
1749621262391 618.40576171875 1121
1749621279250 582.3038940429688 1122
1749621358101 513.9317016601562 1123
1749621376340 591.9718627929688 1124
1749621394410 561.6278686523438 1125
1749621411362 579.7630615234375 1126
1749621492710 564.3458862304688 1127
1749621510669 515.1454467773438 1128
1749621528008 610.4279174804688 1129
1749621545703 533.9999389648438 1130
1749621627396 547.2874755859375 1131
1749621644228 582.4541015625 1132
1749621661519 684.9189453125 1133
1749621679267 642.3447265625 1134
1749621761982 569.9487915039062 1135
1749621778830 483.0998229980469 1136
1749621795291 551.9853515625 1137
1749621813163 558.9161987304688 1138
1749621899331 580.4881591796875 1139
1749621917130 515.227783203125 1140
1749621934658 551.7916870117188 1141
1749621951873 635.059814453125 1142
1749622034412 545.2125854492188 1143
1749622051575 564.1932373046875 1144
1749622068929 585.1919555664062 1145
1749622086137 549.60693359375 1146
1749622169028 579.6045532226562 1147
1749622186740 520.0277099609375 1148
1749622203959 583.0504760742188 1149
1749622220556 612.6790161132812 1150
1749622304043 486.6412048339844 1151
1749622321786 566.2655029296875 1152
1749622340056 566.4962768554688 1153
1749622355304 543.7742919921875 1154
1749622430581 521.9210815429688 1155
1749622444910 470.27362060546875 1156
1749622458913 591.194091796875 1157
1749622471831 557.6283569335938 1158
1749622534310 535.004638671875 1159
1749622548477 620.1661376953125 1160
1749622554937 646.5117797851562 1161
1749623323278 549.7216186523438 1162
1749623340024 573.2235717773438 1163
1749623356724 670.5452880859375 1164
1749623372724 547.826416015625 1165
1749623451382 602.0881958007812 1166
1749623468661 523.2632446289062 1167
1749623486181 597.5244750976562 1168
1749623502373 607.0641479492188 1169
1749623580649 664.2848510742188 1170
1749623598078 505.5823669433594 1171
1749623615868 573.572265625 1172
1749623629952 515.40869140625 1173
1749623700939 676.6856689453125 1174
1749623713193 551.520751953125 1175
1749623726523 569.4810791015625 1176
1749623739099 572.8524169921875 1177
1749623803524 530.3689575195312 1178
1749623818260 557.7247314453125 1179
1749623834180 555.0917358398438 1180
1749623849606 555.0177001953125 1181
1749623938903 608.8853149414062 1182
1749623953796 549.5036010742188 1183
1749623969349 530.7996215820312 1184
1749623984031 579.534423828125 1185
1749624076331 619.632080078125 1186
1749624091536 539.5469360351562 1187
1749624106252 552.522216796875 1188
1749624120660 620.7103271484375 1189
1749624211106 597.6084594726562 1190
1749624225740 573.828369140625 1191
1749624240508 488.2113342285156 1192
1749624255559 685.8450927734375 1193
1749624343976 549.5140380859375 1194
1749624359356 494.7627868652344 1195
1749624373895 553.2178344726562 1196
1749624388749 524.7948608398438 1197
1749624479681 600.469970703125 1198
1749624494546 545.8798828125 1199
1749624509160 536.3783569335938 1200
1749624524463 511.86077880859375 1201
1749624616995 482.4001159667969 1202
1749624631495 495.2914733886719 1203
1749624645853 538.2529296875 1204
1749624661243 534.3526000976562 1205
1749624751158 572.2474365234375 1206
1749624766507 541.5006713867188 1207
1749624781351 643.0233764648438 1208
1749624796344 661.6453857421875 1209
1749624888009 605.938720703125 1210
1749624902320 548.763916015625 1211
1749624916864 569.048828125 1212
1749624931438 678.2592163085938 1213
1749625023023 588.6776123046875 1214
1749625037864 670.0970458984375 1215
1749625053328 566.8389282226562 1216
1749625069117 465.4136657714844 1217
1749625156997 576.0642700195312 1218
1749625171293 526.3681030273438 1219
1749625186516 569.8439331054688 1220
1749625201604 527.6817016601562 1221
1749625290122 617.9910278320312 1222
1749625304887 635.006103515625 1223
1749625319946 630.4788208007812 1224
1749625334456 479.33209228515625 1225
1749625425333 715.4348754882812 1226
1749625439744 559.1420288085938 1227
1749625454442 563.6640625 1228
1749625469735 557.5117797851562 1229
1749625558612 569.2659912109375 1230
1749625573729 482.7190856933594 1231
1749625588773 612.7769165039062 1232
1749625604075 507.6494140625 1233
1749625693299 632.8635864257812 1234
1749625708828 551.0595092773438 1235
1749625723504 621.1688232421875 1236
1749625739476 541.0722045898438 1237
1749625823111 564.2335815429688 1238
1749625836390 581.9711303710938 1239
1749625851255 601.6748657226562 1240
1749625865129 624.4927368164062 1241
1749625922562 546.6605834960938 1242
1749625935409 592.7734985351562 1243
1749625941574 495.24298095703125 1244
1749626716812 513.1075439453125 1245
1749626735241 560.9592895507812 1246
1749626751247 544.8662109375 1247
1749626766205 521.394287109375 1248
1749626847660 622.9031982421875 1249
1749626865029 506.72747802734375 1250
1749626880223 594.0724487304688 1251
1749626894706 554.0319213867188 1252
1749626976827 497.4212341308594 1253
1749626994561 579.9742431640625 1254
1749627008554 530.785400390625 1255
1749627021603 578.8048706054688 1256
1749627086547 629.3130493164062 1257
1749627099521 520.1856079101562 1258
1749627114124 511.9700927734375 1259
1749627128383 600.3617553710938 1260
1749627202706 555.7250366210938 1261
1749627220004 582.31396484375 1262
1749627236249 629.1627197265625 1263
1749627254404 577.9583129882812 1264
1749627338646 542.6075439453125 1265
1749627353387 537.5870971679688 1266
1749627368162 563.0816650390625 1267
1749627385287 484.23040771484375 1268
1749627469421 597.23095703125 1269
1749627484481 667.35595703125 1270
1749627499318 544.4302368164062 1271
1749627514678 660.5966796875 1272
1749627604614 528.6538696289062 1273
1749627619702 543.8546752929688 1274
1749627633987 589.79345703125 1275
1749627651327 584.9061889648438 1276
1749627739796 558.611328125 1277
1749627754744 526.5022583007812 1278
1749627770180 513.5189819335938 1279
1749627786870 558.822265625 1280
1749627872518 465.6568298339844 1281
1749627887825 630.2383422851562 1282
1749627903159 506.0704650878906 1283
1749627920825 545.7076416015625 1284
1749628006004 554.6644897460938 1285
1749628020479 622.8548583984375 1286
1749628035129 602.976318359375 1287
1749628052515 559.298583984375 1288
1749628138622 637.1300659179688 1289
1749628153206 585.2925415039062 1290
1749628168543 561.680908203125 1291
1749628184084 457.169677734375 1292
1749628270996 569.5813598632812 1293
1749628286152 529.8173217773438 1294
1749628300935 556.0880737304688 1295
1749628317283 548.674072265625 1296
1749628409897 549.394287109375 1297
1749628425041 565.9769287109375 1298
1749628440780 603.3754272460938 1299
1749628457281 566.3621215820312 1300
1749628546033 515.2730712890625 1301
1749628561852 564.3792114257812 1302
1749628576701 619.0723266601562 1303
1749628593852 485.02117919921875 1304
1749628681609 524.2792358398438 1305
1749628697292 540.3466186523438 1306
1749628711881 631.879150390625 1307
1749628729825 604.2423095703125 1308
1749628815922 587.2623901367188 1309
1749628830488 544.48583984375 1310
1749628845141 543.4699096679688 1311
1749628861863 594.243408203125 1312
1749628951814 575.1773071289062 1313
1749628966108 612.2308959960938 1314
1749628980924 620.5778198242188 1315
1749628998134 614.9939575195312 1316
1749629085292 527.0155029296875 1317
1749629100349 602.2933959960938 1318
1749629114595 552.1011962890625 1319
1749629131424 568.7424926757812 1320
1749629213288 514.0505981445312 1321
1749629225992 530.0077514648438 1322
1749629239374 522.6041870117188 1323
1749629253712 566.785400390625 1324
1749629295990 525.1001586914062 1325
1749629318905 545.9931030273438 1326
1749629324611 612.03271484375 1327
1749630104865 606.5496215820312 1328
1749630119953 618.6436157226562 1329
1749630136112 716.7581176757812 1330
1749630153375 566.6456298828125 1331
1749630238287 561.2924194335938 1332
1749630255338 650.9083862304688 1333
1749630273041 512.9075317382812 1334
1749630290445 498.13348388671875 1335
1749630366091 554.8416137695312 1336
1749630380380 591.9060668945312 1337
1749630394431 571.8274536132812 1338
1749630406612 550.371826171875 1339
1749630459091 542.3512573242188 1340
1749630487786 535.2552490234375 1341
1749630502636 515.3187866210938 1342
1749630518005 582.7298583984375 1343
1749630591630 621.3060913085938 1344
1749630623017 548.4564208984375 1345
1749630637810 417.42681884765625 1346
1749630653241 452.6479797363281 1347
1749630723291 632.5823364257812 1348
1749630754305 613.27197265625 1349
1749630769045 570.8124389648438 1350
1749630783269 527.281494140625 1351
1749630853636 541.6697998046875 1352
1749630888986 596.704345703125 1353
1749630902979 564.3839111328125 1354
1749630918265 549.6841430664062 1355
1749630990744 519.9090576171875 1356
1749631022608 608.6289672851562 1357
1749631037120 453.8849792480469 1358
1749631052027 564.338623046875 1359
1749631128378 468.7747497558594 1360
1749631161161 577.4446411132812 1361
1749631176222 637.9351196289062 1362
1749631190972 783.268798828125 1363
1749631262592 617.70703125 1364
1749631295792 486.2647399902344 1365
1749631310379 808.1610717773438 1366
1749631325641 1868.0076904296875 1367
1749631394771 3141.58056640625 1368
1749631428845 3922.62060546875 1369
1749631443845 4019.30615234375 1370
1749631459416 3059.18408203125 1371
1749631529066 3672.669189453125 1372
1749631562617 3131.20458984375 1373
1749631577632 3137.837890625 1374
1749631592538 2558.751953125 1375
1749631659860 2339.968994140625 1376
1749631694367 2335.28857421875 1377
1749631709436 2818.12548828125 1378
1749631725004 1409.3709716796875 1379
1749631790570 1193.902099609375 1380
1749631828154 1056.594482421875 1381
1749631843228 1423.048095703125 1382
1749631858444 957.7689208984375 1383
1749631928722 967.3042602539062 1384
1749631961888 1051.8157958984375 1385
1749631976583 910.5878295898438 1386
1749631991674 842.4278564453125 1387
1749632062842 1056.26220703125 1388
1749632093829 721.7496948242188 1389
1749632108399 957.3773193359375 1390
1749632124080 982.229736328125 1391
1749632196625 728.1539916992188 1392
1749632228440 804.1126098632812 1393
1749632242640 839.8345947265625 1394
1749632257567 828.995361328125 1395
1749632326866 726.9437255859375 1396
1749632365461 764.8366088867188 1397
1749632380026 639.84326171875 1398
1749632394472 779.6575927734375 1399
1749632458208 792.046630859375 1400
1749632497107 773.59765625 1401
1749632512001 768.0116577148438 1402
1749632526395 592.7614135742188 1403
1749632592161 769.7593994140625 1404
1749632624292 708.8890991210938 1405
1749632637652 758.3381958007812 1406
1749632646715 648.9500122070312 1407
1749632684827 702.706298828125 1408
1749632741495 714.75927734375 1409
1749632747341 647.7959594726562 1410
1749633467102 602.8468017578125 1411
1749633481955 696.6570434570312 1412
1749633497810 752.540283203125 1413
1749633514931 710.8250122070312 1414
1749633593284 694.4498901367188 1415
1749633607664 717.8489990234375 1416
1749633623287 778.599853515625 1417
1749633640806 688.3280639648438 1418
1749633720365 627.129150390625 1419
1749633733300 587.2437133789062 1420
1749633747097 610.668212890625 1421
1749633761152 670.7244262695312 1422
1749633838202 619.2484130859375 1423
1749633854245 576.8314819335938 1424
1749633869191 608.513916015625 1425
1749633883786 583.5339965820312 1426
1749633971069 626.0109252929688 1427
1749633986113 667.2731323242188 1428
1749634001212 550.7857666015625 1429
1749634015945 629.8925170898438 1430
1749634104624 612.4469604492188 1431
1749634119161 625.464111328125 1432
1749634133371 728.7481689453125 1433
1749634148018 595.7949829101562 1434
1749634239602 666.6558227539062 1435
1749634254459 550.206787109375 1436
1749634268934 528.6180419921875 1437
1749634283480 643.57177734375 1438
1749634369373 587.6728515625 1439
1749634384473 555.2490844726562 1440
1749634398960 645.21875 1441
1749634413227 597.8619995117188 1442
1749634503934 613.08251953125 1443
1749634518073 555.095458984375 1444
1749634532860 524.927001953125 1445
1749634547287 645.9566650390625 1446
1749634637906 606.3441772460938 1447
1749634652379 575.8064575195312 1448
1749634666837 694.231201171875 1449
1749634681689 600.6228637695312 1450
1749634770936 632.2400512695312 1451
1749634785759 610.2652587890625 1452
1749634800615 527.7103881835938 1453
1749634815656 604.6819458007812 1454
1749634904607 545.685791015625 1455
1749634919336 572.9869995117188 1456
1749634933819 546.0670776367188 1457
1749634948217 568.08984375 1458
1749635038379 572.1348266601562 1459
1749635053373 607.2447509765625 1460
1749635068533 649.5274047851562 1461
1749635083504 634.6929321289062 1462
1749635170670 562.4847412109375 1463
1749635184737 546.9832763671875 1464
1749635199680 637.527099609375 1465
1749635213939 597.7393798828125 1466
1749635304299 561.19287109375 1467
1749635318808 564.6822509765625 1468
1749635333313 600.1998291015625 1469
1749635348228 582.7354736328125 1470
1749635437324 550.1152954101562 1471
1749635453274 572.1280517578125 1472
1749635467740 542.1233520507812 1473
1749635482798 640.5641479492188 1474
1749635571489 564.5266723632812 1475
1749635586374 486.7625732421875 1476
1749635601084 698.1533203125 1477
1749635616036 473.3260192871094 1478
1749635705749 557.0822143554688 1479
1749635720115 534.7460327148438 1480
1749635735722 690.8988037109375 1481
1749635750539 627.6099853515625 1482
1749635839794 613.1124877929688 1483
1749635854220 536.5283813476562 1484
1749635868572 541.7627563476562 1485
1749635882797 592.7864990234375 1486
1749635972027 615.4398803710938 1487
1749635984831 537.184326171875 1488
1749635997324 538.2127075195312 1489
1749636010095 564.517333984375 1490
1749636053766 540.5592041015625 1491
1749636067739 540.4812622070312 1492
1749636074064 545.1513671875 1493
1749636794574 514.9169921875 1494
1749636809322 526.7026977539062 1495
1749636823886 675.5585327148438 1496
1749636840849 597.3987426757812 1497
1749636919851 548.7819213867188 1498
1749636935292 622.7796020507812 1499
1749636950709 581.0348510742188 1500
1749636966993 540.1429443359375 1501
1749637047746 539.8800048828125 1502
1749637062857 585.89892578125 1503
1749637077408 680.2974853515625 1504
1749637094333 667.7058715820312 1505
1749637163583 566.4400634765625 1506
1749637178468 626.0992431640625 1507
1749637193407 515.8986206054688 1508
1749637208753 554.38232421875 1509
1749637295021 580.2555541992188 1510
1749637313872 588.2039794921875 1511
1749637334475 533.4253540039062 1512
1749637354825 655.1904907226562 1513
1749637437511 516.4417724609375 1514
1749637456437 595.5192260742188 1515
1749637477632 557.743408203125 1516
1749637497433 562.5534057617188 1517
1749637587082 577.3534545898438 1518
1749637607030 557.701904296875 1519
1749637628538 572.5833740234375 1520
1749637649862 594.8807373046875 1521
1749637740805 521.8915405273438 1522
1749637760812 557.3046875 1523
1749637779312 519.12646484375 1524
1749637797958 541.6959228515625 1525
1749637892381 611.5862426757812 1526
1749637912732 529.1640014648438 1527
1749637931373 556.2090454101562 1528
1749637949030 524.0263061523438 1529
1749638044083 538.00244140625 1530
1749638065637 605.8619995117188 1531
1749638085913 514.0056762695312 1532
1749638100424 539.7606201171875 1533
1749638188373 526.519775390625 1534
1749638205140 562.9439697265625 1535
1749638221437 516.9468383789062 1536
1749638235890 529.3169555664062 1537
1749638326740 497.0685729980469 1538
1749638343797 532.478271484375 1539
1749638360021 548.5274658203125 1540
1749638375033 655.2513427734375 1541
1749638462368 614.6618041992188 1542
1749638478927 620.6287841796875 1543
1749638493625 519.8802490234375 1544
1749638508612 527.5711669921875 1545
1749638595341 389.9033203125 1546
1749638612620 550.3784790039062 1547
1749638627691 626.5750732421875 1548
1749638642657 484.532958984375 1549
1749638730313 560.3023071289062 1550
1749638748663 576.6130981445312 1551
1749638764828 541.71142578125 1552
1749638779045 560.02978515625 1553
1749638865437 471.3282470703125 1554
1749638882371 671.8930053710938 1555
1749638899189 500.88763427734375 1556
1749638914303 494.3208312988281 1557
1749639003343 609.6437377929688 1558
1749639021181 581.255859375 1559
1749639036758 485.3226623535156 1560
1749639052603 487.3321228027344 1561
1749639139197 602.8441162109375 1562
1749639155876 632.7171630859375 1563
1749639171929 501.184326171875 1564
1749639186699 592.8809814453125 1565
1749639274352 584.6841430664062 1566
1749639292715 517.897216796875 1567
1749639307865 574.3467407226562 1568
1749639323145 529.1033935546875 1569
1749639403852 586.3461303710938 1570
1749639419132 603.798583984375 1571
1749639430863 583.9650268554688 1572
1749639439243 522.2205810546875 1573
1749639494963 595.2041015625 1574
1749639503775 618.4672241210938 1575
1749639508667 613.9461059570312 1576
