1749577034297 0.0 0
1749577054717 0.0 1
1749577074217 0.0 2
1749577093932 0.0 3
1749577188433 0.0 4
1749577203915 0.0 5
1749577221030 0.0 6
1749577237906 0.0 7
1749577324593 0.0 8
1749577340987 0.0 9
1749577358675 0.0 10
1749577374629 0.0 11
1749577460701 0.0 12
1749577476488 0.0 13
1749577494673 0.0 14
1749577510446 0.0 15
1749577603248 0.0 16
1749577619761 0.0 17
1749577636416 0.0 18
1749577654676 0.0 19
1749577743928 0.0 20
1749577761280 0.0 21
1749577776641 0.0 22
1749577793622 0.0 23
1749577881548 0.0 24
1749577897749 0.0 25
1749577913053 0.0 26
1749577929836 0.0 27
1749578013977 0.0 28
1749578031210 0.0 29
1749578046425 0.0 30
1749578062338 0.0 31
1749578144049 0.0 32
1749578161499 0.0 33
1749578175842 0.0 34
1749578191015 0.0 35
1749578274719 0.0 36
1749578291821 0.0 37
1749578307753 0.0 38
1749578322493 0.0 39
1749578407039 0.0 40
1749578423339 0.0 41
1749578438830 0.0 42
1749578452972 0.0 43
1749578537075 0.0 44
1749578553727 0.0 45
1749578569426 0.0 46
1749578584385 0.0 47
1749578665517 0.0 48
1749578680592 0.0 49
1749578698039 0.0 50
1749578712613 0.0 51
1749578796359 0.0 52
1749578811195 0.0 53
1749578829044 0.0 54
1749578842724 0.0 55
1749578917518 0.0 56
1749578925710 0.0 57
1749578933810 0.0 58
1749578941707 0.0 59
1749578993660 0.0 60
1749579008577 0.0 61
1749579023757 0.0 62
1749579038841 0.0 63
1749579116297 0.0 64
1749579134460 0.0 65
1749579155913 0.0 66
1749579171245 0.0 67
1749579247966 0.0 68
1749579265769 0.0 69
1749579285616 0.0 70
1749579300929 0.0 71
1749579377928 0.0 72
1749579395750 0.0 73
1749579412586 0.0 74
1749579427505 0.0 75
1749579506530 0.0 76
1749579521907 0.0 77
1749579538730 0.0 78
1749579553385 0.0 79
1749579592193 0.0 80
1749579600385 0.0 81
1749579603958 0.0 82
1749580220527 0.0 82
1749580360298 1.0 83
1749580374970 1.0 84
1749580389671 1.0 85
1749580407152 1.0 86
1749580490804 1.0 87
1749580505554 1.0 88
1749580520150 1.0 89
1749580535480 1.0 90
1749580620722 1.0 91
1749580635977 1.0 92
1749580650973 1.0 93
1749580666424 1.0 94
1749580754087 1.0 95
1749580769178 1.0 96
1749580783386 1.0 97
1749580798520 1.0 98
1749580887822 1.0 99
1749580902804 1.0 100
1749580917680 1.0 101
1749580933631 1.0 102
1749581022276 1.0 103
1749581036710 1.0 104
1749581050662 1.0 105
1749581067297 1.0 106
1749581151197 1.0 107
1749581165264 1.0 108
1749581180396 1.0 109
1749581196050 1.0 110
1749581284788 1.0 111
1749581299813 1.0 112
1749581314331 1.0 113
1749581330172 1.0 114
1749581418647 1.0 115
1749581432789 1.0 116
1749581447547 1.0 117
1749581464097 1.0 118
1749581555065 1.0 119
1749581571772 1.0 120
1749581590406 1.0 121
1749581610844 1.0 122
1749581693873 1.0 123
1749581711717 1.0 124
1749581729489 1.0 125
1749581749165 1.0 126
1749581834443 1.0 127
1749581850768 1.0 128
1749581866429 1.0 129
1749581883666 1.0 130
1749581967537 1.0 131
1749581982612 1.0 132
1749581997437 1.0 133
1749582014113 1.0 134
1749582103487 1.0 135
1749582118174 1.0 136
1749582132813 1.0 137
1749582149425 1.0 138
1749582236050 1.0 139
1749582249720 1.0 140
1749582263475 1.0 141
1749582279785 1.0 142
1749582354899 1.0 143
1749582363209 1.0 144
1749582371270 1.0 145
1749582380348 1.0 146
1749582456217 1.0 147
1749582471162 1.0 148
1749582485740 1.0 149
1749582500763 1.0 150
1749582587135 1.0 151
1749582602445 1.0 152
1749582617543 1.0 153
1749582632693 1.0 154
1749582717789 1.0 155
1749582733773 1.0 156
1749582748513 1.0 157
1749582763109 1.0 158
1749582839111 1.0 159
1749582852777 1.0 160
1749582865469 1.0 161
1749582875483 1.0 162
1749582910736 1.0 163
1749582918506 1.0 164
1749582924235 1.0 165
1749583567122 1.0 165
1749583706845 2.0 166
1749583721344 2.0 167
1749583736040 2.0 168
1749583750384 2.0 169
1749583838324 2.0 170
1749583853303 2.0 171
1749583867722 2.0 172
1749583883382 2.0 173
1749583969624 2.0 174
1749583984130 2.0 175
1749583999042 2.0 176
1749584013716 2.0 177
1749584099690 2.0 178
1749584114383 2.0 179
1749584128995 2.0 180
1749584143730 2.0 181
1749584233632 2.0 182
1749584248062 2.0 183
1749584262802 2.0 184
1749584277845 2.0 185
1749584365409 2.0 186
1749584380062 2.0 187
1749584394570 2.0 188
1749584409157 2.0 189
1749584496591 2.0 190
1749584510856 2.0 191
1749584525887 2.0 192
1749584541097 2.0 193
1749584631286 2.0 194
1749584645943 2.0 195
1749584660276 2.0 196
1749584674792 2.0 197
1749584762952 2.0 198
1749584778693 2.0 199
1749584793397 2.0 200
1749584808505 2.0 201
1749584895088 2.0 202
1749584910019 2.0 203
1749584924951 2.0 204
1749584939868 2.0 205
1749585024337 2.0 206
1749585039505 2.0 207
1749585054348 2.0 208
1749585069332 2.0 209
1749585156742 2.0 210
1749585171922 2.0 211
1749585186736 2.0 212
1749585202056 2.0 213
1749585290363 2.0 214
1749585305354 2.0 215
1749585320133 2.0 216
1749585335615 2.0 217
1749585420493 2.0 218
1749585434564 2.0 219
1749585449208 2.0 220
1749585463641 2.0 221
1749585545732 2.0 222
1749585564357 2.0 223
1749585577440 2.0 224
1749585590612 2.0 225
1749585660075 2.0 226
1749585668124 2.0 227
1749585675939 2.0 228
1749585683793 2.0 229
1749585755377 2.0 230
1749585770349 2.0 231
1749585785864 2.0 232
1749585800957 2.0 233
1749585885024 2.0 234
1749585900358 2.0 235
1749585915213 2.0 236
1749585930494 2.0 237
1749586015833 2.0 238
1749586030980 2.0 239
1749586046133 2.0 240
1749586060656 2.0 241
1749586141020 2.0 242
1749586154465 2.0 243
1749586167663 2.0 244
1749586180846 2.0 245
1749586243371 2.0 246
1749586256798 2.0 247
1749586261319 2.0 248
1749586921579 2.0 248
1749587065365 3.0 249
1749587082752 3.0 250
1749587097912 3.0 251
1749587112830 3.0 252
1749587194448 3.0 253
1749587211840 3.0 254
1749587226323 3.0 255
1749587240920 3.0 256
1749587329444 3.0 257
1749587346565 3.0 258
1749587361133 3.0 259
1749587375983 3.0 260
1749587463516 3.0 261
1749587480686 3.0 262
1749587495656 3.0 263
1749587510919 3.0 264
1749587595730 3.0 265
1749587613145 3.0 266
1749587627416 3.0 267
1749587642273 3.0 268
1749587728648 3.0 269
1749587745711 3.0 270
1749587760780 3.0 271
1749587776135 3.0 272
1749587861515 3.0 273
1749587878472 3.0 274
1749587893092 3.0 275
1749587907484 3.0 276
1749587992558 3.0 277
1749588009609 3.0 278
1749588024852 3.0 279
1749588039932 3.0 280
1749588125133 3.0 281
1749588142808 3.0 282
1749588157837 3.0 283
1749588172737 3.0 284
1749588257779 3.0 285
1749588274352 3.0 286
1749588289969 3.0 287
1749588304684 3.0 288
1749588388622 3.0 289
1749588406175 3.0 290
1749588422538 3.0 291
1749588437293 3.0 292
1749588522928 3.0 293
1749588540277 3.0 294
1749588554849 3.0 295
1749588569727 3.0 296
1749588661170 3.0 297
1749588678388 3.0 298
1749588693797 3.0 299
1749588708883 3.0 300
1749588794341 3.0 301
1749588812008 3.0 302
1749588827702 3.0 303
1749588842701 3.0 304
1749588908855 3.0 305
1749588925680 3.0 306
1749588941171 3.0 307
1749588953937 3.0 308
1749589004887 3.0 309
1749589019393 3.0 310
1749589034397 3.0 311
1749589049728 3.0 312
1749589124171 3.0 313
1749589142481 3.0 314
1749589159802 3.0 315
1749589175770 3.0 316
1749589254281 3.0 317
1749589272025 3.0 318
1749589288683 3.0 319
1749589303224 3.0 320
1749589384311 3.0 321
1749589401892 3.0 322
1749589417487 3.0 323
1749589432783 3.0 324
1749589519962 3.0 325
1749589534939 3.0 326
1749589547650 3.0 327
1749589560189 3.0 328
1749589605967 3.0 329
1749589613810 3.0 330
1749589617102 3.0 331
1749590298458 3.0 331
1749590439253 4.0 332
1749590454012 4.0 333
1749590469456 4.0 334
1749590484315 4.0 335
1749590568577 4.0 336
1749590583729 4.0 337
1749590599088 4.0 338
1749590613995 4.0 339
1749590700622 4.0 340
1749590716175 4.0 341
1749590731225 4.0 342
1749590746022 4.0 343
1749590829503 4.0 344
1749590850215 4.0 345
1749590864600 4.0 346
1749590879585 4.0 347
1749590964404 4.0 348
1749590982495 4.0 349
1749590997281 4.0 350
1749591012787 4.0 351
1749591095333 4.0 352
1749591117342 4.0 353
1749591131900 4.0 354
1749591147252 4.0 355
1749591225063 4.0 356
1749591251286 4.0 357
1749591266124 4.0 358
1749591280856 4.0 359
1749591360204 4.0 360
1749591386594 4.0 361
1749591401972 4.0 362
1749591416403 4.0 363
1749591491057 4.0 364
1749591521088 4.0 365
1749591535807 4.0 366
1749591550340 4.0 367
1749591625031 4.0 368
1749591658613 4.0 369
1749591673304 4.0 370
1749591688636 4.0 371
1749591761212 4.0 372
1749591792455 4.0 373
1749591807438 4.0 374
1749591822827 4.0 375
1749591896355 4.0 376
1749591928526 4.0 377
1749591944226 4.0 378
1749591958852 4.0 379
1749592031888 4.0 380
1749592062453 4.0 381
1749592077200 4.0 382
1749592091918 4.0 383
1749592162793 4.0 384
1749592195161 4.0 385
1749592208339 4.0 386
1749592216618 4.0 387
1749592266635 4.0 388
1749592304032 4.0 389
1749592316690 4.0 390
1749592329418 4.0 391
1749592367130 4.0 392
1749592385479 4.0 393
1749592401063 4.0 394
1749592416003 4.0 395
1749592475184 4.0 396
1749592515190 4.0 397
1749592532470 4.0 398
1749592547887 4.0 399
1749592606033 4.0 400
1749592643084 4.0 401
1749592659000 4.0 402
1749592674124 4.0 403
1749592734312 4.0 404
1749592772375 4.0 405
1749592787248 4.0 406
1749592801835 4.0 407
1749592859307 4.0 408
1749592888521 4.0 409
1749592896691 4.0 410
1749592904912 4.0 411
1749592955948 4.0 412
1749592963931 4.0 413
1749592967551 4.0 414
1749593645724 4.0 414
1749593784143 5.0 415
1749593799255 5.0 416
1749593813824 5.0 417
1749593828699 5.0 418
1749593913928 5.0 419
1749593928502 5.0 420
1749593942880 5.0 421
1749593957745 5.0 422
1749594040681 5.0 423
1749594055174 5.0 424
1749594070158 5.0 425
1749594085713 5.0 426
1749594173572 5.0 427
1749594188867 5.0 428
1749594203722 5.0 429
1749594218409 5.0 430
1749594303568 5.0 431
1749594321904 5.0 432
1749594336841 5.0 433
1749594351773 5.0 434
1749594434142 5.0 435
1749594453812 5.0 436
1749594468771 5.0 437
1749594484136 5.0 438
1749594564459 5.0 439
1749594587636 5.0 440
1749594602976 5.0 441
1749594618409 5.0 442
1749594697020 5.0 443
1749594724145 5.0 444
1749594738561 5.0 445
1749594753640 5.0 446
1749594828696 5.0 447
1749594857986 5.0 448
1749594873376 5.0 449
1749594889882 5.0 450
1749594958953 5.0 451
1749594991372 5.0 452
1749595006356 5.0 453
1749595023316 5.0 454
1749595089271 5.0 455
1749595125028 5.0 456
1749595140045 5.0 457
1749595157068 5.0 458
1749595218473 5.0 459
1749595258000 5.0 460
1749595272914 5.0 461
1749595289901 5.0 462
1749595349088 5.0 463
1749595391013 5.0 464
1749595405458 5.0 465
1749595423284 5.0 466
1749595480046 5.0 467
1749595522009 5.0 468
1749595536277 5.0 469
1749595551101 5.0 470
1749595599610 5.0 471
1749595626495 5.0 472
1749595635487 5.0 473
1749595643514 5.0 474
1749595681915 5.0 475
1749595712593 5.0 476
1749595727083 5.0 477
1749595741837 5.0 478
1749595800945 5.0 479
1749595844154 5.0 480
1749595858953 5.0 481
1749595874501 5.0 482
1749595932076 5.0 483
1749595971392 5.0 484
1749595986769 5.0 485
1749596001737 5.0 486
1749596063629 5.0 487
1749596102662 5.0 488
1749596117239 5.0 489
1749596132180 5.0 490
1749596193125 5.0 491
1749596226917 5.0 492
1749596240955 5.0 493
1749596254149 5.0 494
1749596289764 5.0 495
1749596307171 5.0 496
1749596310792 5.0 497
1749596974124 5.0 497
1749597113476 6.0 498
1749597128480 6.0 499
1749597143709 6.0 500
1749597157902 6.0 501
1749597244947 6.0 502
1749597259216 6.0 503
1749597273066 6.0 504
1749597287977 6.0 505
1749597377307 6.0 506
1749597391846 6.0 507
1749597407410 6.0 508
1749597422416 6.0 509
1749597510304 6.0 510
1749597525631 6.0 511
1749597539919 6.0 512
1749597555367 6.0 513
1749597641224 6.0 514
1749597656043 6.0 515
1749597670525 6.0 516
1749597685998 6.0 517
1749597773108 6.0 518
1749597787960 6.0 519
1749597803126 6.0 520
1749597817357 6.0 521
1749597903209 6.0 522
1749597918297 6.0 523
1749597932519 6.0 524
1749597947648 6.0 525
1749598032401 6.0 526
1749598048251 6.0 527
1749598062857 6.0 528
1749598078201 6.0 529
1749598163589 6.0 530
1749598179405 6.0 531
1749598194028 6.0 532
1749598209300 6.0 533
1749598293754 6.0 534
1749598309997 6.0 535
1749598324719 6.0 536
1749598339375 6.0 537
1749598425375 6.0 538
1749598442058 6.0 539
1749598457110 6.0 540
1749598472199 6.0 541
1749598557656 6.0 542
1749598575475 6.0 543
1749598590816 6.0 544
1749598605774 6.0 545
1749598686011 6.0 546
1749598704560 6.0 547
1749598719369 6.0 548
1749598734456 6.0 549
1749598818013 6.0 550
1749598841424 6.0 551
1749598856072 6.0 552
1749598871358 6.0 553
1749598946752 6.0 554
1749598965940 6.0 555
1749598979347 6.0 556
1749598987333 6.0 557
1749599038176 6.0 558
1749599053850 6.0 559
1749599068740 6.0 560
1749599083168 6.0 561
1749599150982 6.0 562
1749599174842 6.0 563
1749599191733 6.0 564
1749599208849 6.0 565
1749599280941 6.0 566
1749599306720 6.0 567
1749599325012 6.0 568
1749599341308 6.0 569
1749599412372 6.0 570
1749599439559 6.0 571
1749599457000 6.0 572
1749599472365 6.0 573
1749599549199 6.0 574
1749599566269 6.0 575
1749599581958 6.0 576
1749599595289 6.0 577
1749599652922 6.0 578
1749599661189 6.0 579
1749599666854 6.0 580
1749600329647 6.0 580
1749600469741 7.0 581
1749600484362 7.0 582
1749600498645 7.0 583
1749600513731 7.0 584
1749600603488 7.0 585
1749600618120 7.0 586
1749600633392 7.0 587
1749600648577 7.0 588
1749600735045 7.0 589
1749600749681 7.0 590
1749600764741 7.0 591
1749600780073 7.0 592
1749600866331 7.0 593
1749600881377 7.0 594
1749600895819 7.0 595
1749600910216 7.0 596
1749600996696 7.0 597
1749601012021 7.0 598
1749601026952 7.0 599
1749601041390 7.0 600
1749601128409 7.0 601
1749601143604 7.0 602
1749601158761 7.0 603
1749601173861 7.0 604
1749601263508 7.0 605
1749601277970 7.0 606
1749601292731 7.0 607
1749601307669 7.0 608
1749601395464 7.0 609
1749601410348 7.0 610
1749601425679 7.0 611
1749601440859 7.0 612
1749601526019 7.0 613
1749601540281 7.0 614
1749601554904 7.0 615
1749601569811 7.0 616
1749601656378 7.0 617
1749601671373 7.0 618
1749601686292 7.0 619
1749601701053 7.0 620
1749601784040 7.0 621
1749601799118 7.0 622
1749601814380 7.0 623
1749601829252 7.0 624
1749601917209 7.0 625
1749601932217 7.0 626
1749601946864 7.0 627
1749601961548 7.0 628
1749602048265 7.0 629
1749602064133 7.0 630
1749602078769 7.0 631
1749602094163 7.0 632
1749602178554 7.0 633
1749602195018 7.0 634
1749602209998 7.0 635
1749602224860 7.0 636
1749602304633 7.0 637
1749602317975 7.0 638
1749602329316 7.0 639
1749602341853 7.0 640
1749602402895 7.0 641
1749602417940 7.0 642
1749602432891 7.0 643
1749602447514 7.0 644
1749602529417 7.0 645
1749602547779 7.0 646
1749602563132 7.0 647
1749602578217 7.0 648
1749602656581 7.0 649
1749602673755 7.0 650
1749602688946 7.0 651
1749602703745 7.0 652
1749602785184 7.0 653
1749602801833 7.0 654
1749602816481 7.0 655
1749602831273 7.0 656
1749602910418 7.0 657
1749602925031 7.0 658
1749602938050 7.0 659
1749602952014 7.0 660
1749603002935 7.0 661
1749603010959 7.0 662
1749603014239 7.0 663
1749603642913 7.0 663
1749603783465 8.0 664
1749603799941 8.0 665
1749603817769 8.0 666
1749603835723 8.0 667
1749603915852 8.0 668
1749603933851 8.0 669
1749603951562 8.0 670
1749603968512 8.0 671
1749604051545 8.0 672
1749604068652 8.0 673
1749604086876 8.0 674
1749604104796 8.0 675
1749604184513 8.0 676
1749604201709 8.0 677
1749604219352 8.0 678
1749604236016 8.0 679
1749604321696 8.0 680
1749604340680 8.0 681
1749604358218 8.0 682
1749604375780 8.0 683
1749604449591 8.0 684
1749604466552 8.0 685
1749604484233 8.0 686
1749604501632 8.0 687
1749604580783 8.0 688
1749604597588 8.0 689
1749604615488 8.0 690
1749604632712 8.0 691
1749604715169 8.0 692
1749604732784 8.0 693
1749604750066 8.0 694
1749604767481 8.0 695
1749604849965 8.0 696
1749604866745 8.0 697
1749604884600 8.0 698
1749604902378 8.0 699
1749604984651 8.0 700
1749605001691 8.0 701
1749605019701 8.0 702
1749605037621 8.0 703
1749605117849 8.0 704
1749605135566 8.0 705
1749605153675 8.0 706
1749605171104 8.0 707
1749605250082 8.0 708
1749605267533 8.0 709
1749605285401 8.0 710
1749605303081 8.0 711
1749605384645 8.0 712
1749605402509 8.0 713
1749605420110 8.0 714
1749605437873 8.0 715
1749605522365 8.0 716
1749605539184 8.0 717
1749605556083 8.0 718
1749605573457 8.0 719
1749605654232 8.0 720
1749605670123 8.0 721
1749605685915 8.0 722
1749605700280 8.0 723
1749605777470 8.0 724
1749605791527 8.0 725
1749605804313 8.0 726
1749605819252 8.0 727
1749605880533 8.0 728
1749605895902 8.0 729
1749605911189 8.0 730
1749605927270 8.0 731
1749606010777 8.0 732
1749606025126 8.0 733
1749606039379 8.0 734
1749606056310 8.0 735
1749606140334 8.0 736
1749606155578 8.0 737
1749606171042 8.0 738
1749606188739 8.0 739
1749606266240 8.0 740
1749606279730 8.0 741
1749606293911 8.0 742
1749606307103 8.0 743
1749606360157 8.0 744
1749606368286 8.0 745
1749606373777 8.0 746
1749607028103 8.0 746
1749607167165 9.0 747
1749607184724 9.0 748
1749607199640 9.0 749
1749607214706 9.0 750
1749607295088 9.0 751
1749607311446 9.0 752
1749607326414 9.0 753
1749607341288 9.0 754
1749607426931 9.0 755
1749607444137 9.0 756
1749607459373 9.0 757
1749607474873 9.0 758
1749607557921 9.0 759
1749607576485 9.0 760
1749607591627 9.0 761
1749607606333 9.0 762
1749607690425 9.0 763
1749607708883 9.0 764
1749607724939 9.0 765
1749607739727 9.0 766
1749607826022 9.0 767
1749607843348 9.0 768
1749607859322 9.0 769
1749607874525 9.0 770
1749607956373 9.0 771
1749607974090 9.0 772
1749607991133 9.0 773
1749608005814 9.0 774
1749608088262 9.0 775
1749608106264 9.0 776
1749608122600 9.0 777
1749608137285 9.0 778
1749608218189 9.0 779
1749608235144 9.0 780
1749608252274 9.0 781
1749608267668 9.0 782
1749608349385 9.0 783
1749608371148 9.0 784
1749608387543 9.0 785
1749608404129 9.0 786
1749608480475 9.0 787
1749608501631 9.0 788
1749608519628 9.0 789
1749608535692 9.0 790
1749608614721 9.0 791
1749608632344 9.0 792
1749608649326 9.0 793
1749608665573 9.0 794
1749608745879 9.0 795
1749608769079 9.0 796
1749608786117 9.0 797
1749608802317 9.0 798
1749608880413 9.0 799
1749608902785 9.0 800
1749608919038 9.0 801
1749608935752 9.0 802
1749609014207 9.0 803
1749609030829 9.0 804
1749609046164 9.0 805
1749609059017 9.0 806
1749609115338 9.0 807
1749609130924 9.0 808
1749609144739 9.0 809
1749609159429 9.0 810
1749609228852 9.0 811
1749609256807 9.0 812
1749609274328 9.0 813
1749609291095 9.0 814
1749609357723 9.0 815
1749609387737 9.0 816
1749609404982 9.0 817
1749609420205 9.0 818
1749609487676 9.0 819
1749609519401 9.0 820
1749609535217 9.0 821
1749609550240 9.0 822
1749609614848 9.0 823
1749609643823 9.0 824
1749609656905 9.0 825
1749609669855 9.0 826
1749609713600 9.0 827
1749609726255 9.0 828
1749609729648 9.0 829
1749610385663 9.0 829
1749610524608 10.0 830
1749610538995 10.0 831
1749610553372 10.0 832
1749610568144 10.0 833
1749610656406 10.0 834
1749610670477 10.0 835
1749610685072 10.0 836
1749610700242 10.0 837
1749610788228 10.0 838
1749610803095 10.0 839
1749610818393 10.0 840
1749610833368 10.0 841
1749610920455 10.0 842
1749610935204 10.0 843
1749610950121 10.0 844
1749610964761 10.0 845
1749611055686 10.0 846
1749611070498 10.0 847
1749611085324 10.0 848
1749611100827 10.0 849
1749611188580 10.0 850
1749611203726 10.0 851
1749611217612 10.0 852
1749611233430 10.0 853
1749611322465 10.0 854
1749611337540 10.0 855
1749611352526 10.0 856
1749611367402 10.0 857
1749611456041 10.0 858
1749611471080 10.0 859
1749611486105 10.0 860
1749611500046 10.0 861
1749611587733 10.0 862
1749611602732 10.0 863
1749611618073 10.0 864
1749611632540 10.0 865
1749611722667 10.0 866
1749611737512 10.0 867
1749611752096 10.0 868
1749611767032 10.0 869
1749611856753 10.0 870
1749611872384 10.0 871
1749611887844 10.0 872
1749611902482 10.0 873
1749611988088 10.0 874
1749612003384 10.0 875
1749612018381 10.0 876
1749612033387 10.0 877
1749612121452 10.0 878
1749612135989 10.0 879
1749612151238 10.0 880
1749612166220 10.0 881
1749612253828 10.0 882
1749612268910 10.0 883
1749612284059 10.0 884
1749612298830 10.0 885
1749612377261 10.0 886
1749612390165 10.0 887
1749612403141 10.0 888
1749612415769 10.0 889
1749612466600 10.0 890
1749612481845 10.0 891
1749612496760 10.0 892
1749612511757 10.0 893
1749612591660 10.0 894
1749612608873 10.0 895
1749612624531 10.0 896
1749612639693 10.0 897
1749612720662 10.0 898
1749612738733 10.0 899
1749612753554 10.0 900
1749612768959 10.0 901
1749612848586 10.0 902
1749612866506 10.0 903
1749612881423 10.0 904
1749612896043 10.0 905
1749612976499 10.0 906
1749612991788 10.0 907
1749613004547 10.0 908
1749613017251 10.0 909
1749613059770 10.0 910
1749613067855 10.0 911
1749613071096 10.0 912
1749613702467 10.0 912
1749613846895 11.0 913
1749613864113 11.0 914
1749613881635 11.0 915
1749613899180 11.0 916
1749613977962 11.0 917
1749613994760 11.0 918
1749614011509 11.0 919
1749614029287 11.0 920
1749614111672 11.0 921
1749614129222 11.0 922
1749614146369 11.0 923
1749614164273 11.0 924
1749614242822 11.0 925
1749614260783 11.0 926
1749614278401 11.0 927
1749614295001 11.0 928
1749614374337 11.0 929
1749614391793 11.0 930
1749614408861 11.0 931
1749614425816 11.0 932
1749614508771 11.0 933
1749614526542 11.0 934
1749614543363 11.0 935
1749614560533 11.0 936
1749614640337 11.0 937
1749614657536 11.0 938
1749614675261 11.0 939
1749614691903 11.0 940
1749614775488 11.0 941
1749614792767 11.0 942
1749614811221 11.0 943
1749614828704 11.0 944
1749614907799 11.0 945
1749614925083 11.0 946
1749614942202 11.0 947
1749614959670 11.0 948
1749615040064 11.0 949
1749615056691 11.0 950
1749615074866 11.0 951
1749615093622 11.0 952
1749615171867 11.0 953
1749615190037 11.0 954
1749615207593 11.0 955
1749615225457 11.0 956
1749615307856 11.0 957
1749615326327 11.0 958
1749615344480 11.0 959
1749615361098 11.0 960
1749615440290 11.0 961
1749615457818 11.0 962
1749615475236 11.0 963
1749615492249 11.0 964
1749615575883 11.0 965
1749615593584 11.0 966
1749615611502 11.0 967
1749615629540 11.0 968
1749615708455 11.0 969
1749615724419 11.0 970
1749615740084 11.0 971
1749615755808 11.0 972
1749615808142 11.0 973
1749615821333 11.0 974
1749615834225 11.0 975
1749615849531 11.0 976
1749615906856 11.0 977
1749615921457 11.0 978
1749615941365 11.0 979
1749615957568 11.0 980
1749616035773 11.0 981
1749616051067 11.0 982
1749616074672 11.0 983
1749616093377 11.0 984
1749616164413 11.0 985
1749616179135 11.0 986
1749616206230 11.0 987
1749616223680 11.0 988
1749616298567 11.0 989
1749616311870 11.0 990
1749616334329 11.0 991
1749616350441 11.0 992
1749616410584 11.0 993
1749616418164 11.0 994
1749616421783 11.0 995
1749617069234 11.0 995
1749617211813 12.0 996
1749617226894 12.0 997
1749617242296 12.0 998
1749617257517 12.0 999
1749617345028 12.0 1000
1749617360293 12.0 1001
1749617374690 12.0 1002
1749617390224 12.0 1003
1749617477194 12.0 1004
1749617492502 12.0 1005
1749617507596 12.0 1006
1749617522147 12.0 1007
1749617613349 12.0 1008
1749617628893 12.0 1009
1749617643444 12.0 1010
1749617658117 12.0 1011
1749617745414 12.0 1012
1749617761079 12.0 1013
1749617776385 12.0 1014
1749617791224 12.0 1015
1749617881253 12.0 1016
1749617896301 12.0 1017
1749617910798 12.0 1018
1749617925152 12.0 1019
1749618013241 12.0 1020
1749618027984 12.0 1021
1749618042968 12.0 1022
1749618058313 12.0 1023
1749618149336 12.0 1024
1749618164225 12.0 1025
1749618179880 12.0 1026
1749618195085 12.0 1027
1749618279352 12.0 1028
1749618294305 12.0 1029
1749618309074 12.0 1030
1749618323295 12.0 1031
1749618408837 12.0 1032
1749618424798 12.0 1033
1749618440944 12.0 1034
1749618456701 12.0 1035
1749618537905 12.0 1036
1749618554966 12.0 1037
1749618569965 12.0 1038
1749618585373 12.0 1039
1749618669846 12.0 1040
1749618686991 12.0 1041
1749618701860 12.0 1042
1749618717957 12.0 1043
1749618802061 12.0 1044
1749618820396 12.0 1045
1749618834921 12.0 1046
1749618850449 12.0 1047
1749618933264 12.0 1048
1749618949477 12.0 1049
1749618964397 12.0 1050
1749618979329 12.0 1051
1749619060551 12.0 1052
1749619077303 12.0 1053
1749619091102 12.0 1054
1749619103818 12.0 1055
1749619164628 12.0 1056
1749619179438 12.0 1057
1749619194652 12.0 1058
1749619209945 12.0 1059
1749619292245 12.0 1060
1749619309875 12.0 1061
1749619324613 12.0 1062
1749619339137 12.0 1063
1749619420799 12.0 1064
1749619438330 12.0 1065
1749619453199 12.0 1066
1749619468401 12.0 1067
1749619548988 12.0 1068
1749619565465 12.0 1069
1749619580762 12.0 1070
1749619595698 12.0 1071
1749619680534 12.0 1072
1749619695269 12.0 1073
1749619708287 12.0 1074
1749619721202 12.0 1075
1749619767408 12.0 1076
1749619775480 12.0 1077
1749619778782 12.0 1078
1749620427053 12.0 1078
1749620575854 13.0 1079
1749620593367 13.0 1080
1749620611225 13.0 1081
1749620626337 13.0 1082
1749620704113 13.0 1083
1749620722313 13.0 1084
1749620740379 13.0 1085
1749620755989 13.0 1086
1749620837982 13.0 1087
1749620856003 13.0 1088
1749620873503 13.0 1089
1749620889947 13.0 1090
1749620975085 13.0 1091
1749620992246 13.0 1092
1749621009783 13.0 1093
1749621025151 13.0 1094
1749621107196 13.0 1095
1749621125063 13.0 1096
1749621142036 13.0 1097
1749621156856 13.0 1098
1749621239665 13.0 1099
1749621256243 13.0 1100
1749621274139 13.0 1101
1749621290021 13.0 1102
1749621375248 13.0 1103
1749621393109 13.0 1104
1749621410703 13.0 1105
1749621425154 13.0 1106
1749621510925 13.0 1107
1749621528281 13.0 1108
1749621546335 13.0 1109
1749621561494 13.0 1110
1749621641721 13.0 1111
1749621659837 13.0 1112
1749621676613 13.0 1113
1749621691485 13.0 1114
1749621770188 13.0 1115
1749621788214 13.0 1116
1749621807965 13.0 1117
1749621824173 13.0 1118
1749621901555 13.0 1119
1749621918920 13.0 1120
1749621936967 13.0 1121
1749621954665 13.0 1122
1749622029361 13.0 1123
1749622046521 13.0 1124
1749622064098 13.0 1125
1749622081375 13.0 1126
1749622162869 13.0 1127
1749622181281 13.0 1128
1749622199383 13.0 1129
1749622217133 13.0 1130
1749622295772 13.0 1131
1749622314863 13.0 1132
1749622331988 13.0 1133
1749622349152 13.0 1134
1749622405997 13.0 1135
1749622424234 13.0 1136
1749622439516 13.0 1137
1749622454005 13.0 1138
1749622498864 13.0 1139
1749622517660 13.0 1140
1749622542673 13.0 1141
1749622556228 13.0 1142
1749622601905 13.0 1143
1749622617394 13.0 1144
1749622649905 13.0 1145
1749622664519 13.0 1146
1749622734373 13.0 1147
1749622749533 13.0 1148
1749622780304 13.0 1149
1749622795719 13.0 1150
1749622865440 13.0 1151
1749622879699 13.0 1152
1749622909651 13.0 1153
1749622925719 13.0 1154
1749622996862 13.0 1155
1749623011112 13.0 1156
1749623039523 13.0 1157
1749623055910 13.0 1158
1749623099049 13.0 1159
1749623106925 13.0 1160
1749623110462 13.0 1161
1749623745891 13.0 1161
1749623886678 14.0 1162
1749623901659 14.0 1163
1749623916218 14.0 1164
1749623932548 14.0 1165
1749624018874 14.0 1166
1749624033901 14.0 1167
1749624048891 14.0 1168
1749624063920 14.0 1169
1749624151436 14.0 1170
1749624166355 14.0 1171
1749624180932 14.0 1172
1749624196097 14.0 1173
1749624282727 14.0 1174
1749624297757 14.0 1175
1749624312517 14.0 1176
1749624327515 14.0 1177
1749624411911 14.0 1178
1749624427030 14.0 1179
1749624441668 14.0 1180
1749624456730 14.0 1181
1749624544780 14.0 1182
1749624559541 14.0 1183
1749624574516 14.0 1184
1749624590209 14.0 1185
1749624676444 14.0 1186
1749624691546 14.0 1187
1749624706827 14.0 1188
1749624721920 14.0 1189
1749624811571 14.0 1190
1749624826913 14.0 1191
1749624841899 14.0 1192
1749624856603 14.0 1193
1749624944308 14.0 1194
1749624959928 14.0 1195
1749624974622 14.0 1196
1749624989276 14.0 1197
1749625080248 14.0 1198
1749625096401 14.0 1199
1749625111296 14.0 1200
1749625126396 14.0 1201
1749625215669 14.0 1202
1749625231223 14.0 1203
1749625246949 14.0 1204
1749625261723 14.0 1205
1749625347465 14.0 1206
1749625366101 14.0 1207
1749625381608 14.0 1208
1749625396580 14.0 1209
1749625482589 14.0 1210
1749625501399 14.0 1211
1749625516177 14.0 1212
1749625531551 14.0 1213
1749625616249 14.0 1214
1749625636652 14.0 1215
1749625651874 14.0 1216
1749625667805 14.0 1217
1749625747155 14.0 1218
1749625769113 14.0 1219
1749625783304 14.0 1220
1749625796491 14.0 1221
1749625855241 14.0 1222
1749625889312 14.0 1223
1749625902326 14.0 1224
1749625915185 14.0 1225
1749625950457 14.0 1226
1749625965650 14.0 1227
1749625980395 14.0 1228
1749626000355 14.0 1229
1749626077328 14.0 1230
1749626095317 14.0 1231
1749626113057 14.0 1232
1749626130077 14.0 1233
1749626207941 14.0 1234
1749626225885 14.0 1235
1749626242240 14.0 1236
1749626263461 14.0 1237
1749626338282 14.0 1238
1749626356797 14.0 1239
1749626372394 14.0 1240
1749626390342 14.0 1241
1749626427225 14.0 1242
1749626465892 14.0 1243
1749626471710 14.0 1244
1749627105586 14.0 1244
1749627251802 15.0 1245
1749627267433 15.0 1246
1749627283068 15.0 1247
1749627297595 15.0 1248
1749627388504 15.0 1249
1749627403763 15.0 1250
1749627418187 15.0 1251
1749627433115 15.0 1252
1749627523128 15.0 1253
1749627538068 15.0 1254
1749627552936 15.0 1255
1749627568375 15.0 1256
1749627656395 15.0 1257
1749627671917 15.0 1258
1749627687245 15.0 1259
1749627702341 15.0 1260
1749627786637 15.0 1261
1749627802273 15.0 1262
1749627816172 15.0 1263
1749627831318 15.0 1264
1749627923717 15.0 1265
1749627938574 15.0 1266
1749627953393 15.0 1267
1749627968898 15.0 1268
1749628057765 15.0 1269
1749628072336 15.0 1270
1749628086892 15.0 1271
1749628101891 15.0 1272
1749628192290 15.0 1273
1749628207400 15.0 1274
1749628222753 15.0 1275
1749628237043 15.0 1276
1749628323771 15.0 1277
1749628338969 15.0 1278
1749628355534 15.0 1279
1749628372453 15.0 1280
1749628463323 15.0 1281
1749628478244 15.0 1282
1749628492621 15.0 1283
1749628507917 15.0 1284
1749628596640 15.0 1285
1749628611522 15.0 1286
1749628626656 15.0 1287
1749628641504 15.0 1288
1749628728895 15.0 1289
1749628743592 15.0 1290
1749628759593 15.0 1291
1749628774410 15.0 1292
1749628863565 15.0 1293
1749628878433 15.0 1294
1749628893873 15.0 1295
1749628908528 15.0 1296
1749628997882 15.0 1297
1749629011903 15.0 1298
1749629026485 15.0 1299
1749629041485 15.0 1300
1749629132301 15.0 1301
1749629147320 15.0 1302
1749629162802 15.0 1303
1749629177485 15.0 1304
1749629244997 15.0 1305
1749629259316 15.0 1306
1749629272065 15.0 1307
1749629285017 15.0 1308
1749629342882 15.0 1309
1749629357767 15.0 1310
1749629373228 15.0 1311
1749629388229 15.0 1312
1749629469260 15.0 1313
1749629486693 15.0 1314
1749629502409 15.0 1315
1749629517533 15.0 1316
1749629600659 15.0 1317
1749629617333 15.0 1318
1749629632024 15.0 1319
1749629646848 15.0 1320
1749629728681 15.0 1321
1749629742510 15.0 1322
1749629755531 15.0 1323
1749629767247 15.0 1324
1749629799404 15.0 1325
1749629808431 15.0 1326
1749629812978 15.0 1327
1749630420171 15.0 1327
1749630563041 16.0 1328
1749630578926 16.0 1329
1749630595487 16.0 1330
1749630610666 16.0 1331
1749630698383 16.0 1332
1749630713697 16.0 1333
1749630730304 16.0 1334
1749630746783 16.0 1335
1749630833797 16.0 1336
1749630850940 16.0 1337
1749630866847 16.0 1338
1749630883772 16.0 1339
1749630964880 16.0 1340
1749630980055 16.0 1341
1749630996534 16.0 1342
1749631012169 16.0 1343
1749631100735 16.0 1344
1749631116272 16.0 1345
1749631132750 16.0 1346
1749631147610 16.0 1347
1749631235431 16.0 1348
1749631250252 16.0 1349
1749631266807 16.0 1350
1749631282635 16.0 1351
1749631369197 16.0 1352
1749631385406 16.0 1353
1749631401549 16.0 1354
1749631416775 16.0 1355
1749631505713 16.0 1356
1749631521641 16.0 1357
1749631537986 16.0 1358
1749631554815 16.0 1359
1749631639248 16.0 1360
1749631656797 16.0 1361
1749631672049 16.0 1362
1749631688168 16.0 1363
1749631769909 16.0 1364
1749631786329 16.0 1365
1749631801974 16.0 1366
1749631818064 16.0 1367
1749631901936 16.0 1368
1749631917809 16.0 1369
1749631935371 16.0 1370
1749631950756 16.0 1371
1749632034442 16.0 1372
1749632049795 16.0 1373
1749632066545 16.0 1374
1749632082007 16.0 1375
1749632166213 16.0 1376
1749632181560 16.0 1377
1749632198609 16.0 1378
1749632213812 16.0 1379
1749632300509 16.0 1380
1749632316577 16.0 1381
1749632332871 16.0 1382
1749632348001 16.0 1383
1749632434532 16.0 1384
1749632450450 16.0 1385
1749632467756 16.0 1386
1749632483175 16.0 1387
1749632568269 16.0 1388
1749632584122 16.0 1389
1749632598502 16.0 1390
1749632611537 16.0 1391
1749632674031 16.0 1392
1749632695090 16.0 1393
1749632707794 16.0 1394
1749632720745 16.0 1395
1749632744110 16.0 1396
1749632804441 16.0 1397
1749632819741 16.0 1398
1749632834592 16.0 1399
1749632854433 16.0 1400
1749632935045 16.0 1401
1749632949828 16.0 1402
1749632965382 16.0 1403
1749632984896 16.0 1404
1749633060713 16.0 1405
1749633072334 16.0 1406
1749633081851 16.0 1407
1749633094613 16.0 1408
1749633147499 16.0 1409
1749633151007 16.0 1410
1749633768144 16.0 1410
1749633908073 17.0 1411
1749633923078 17.0 1412
1749633938311 17.0 1413
1749633953797 17.0 1414
1749634038304 17.0 1415
1749634053515 17.0 1416
1749634067332 17.0 1417
1749634082095 17.0 1418
1749634172494 17.0 1419
1749634187300 17.0 1420
1749634201776 17.0 1421
1749634216954 17.0 1422
1749634306809 17.0 1423
1749634321796 17.0 1424
1749634336540 17.0 1425
1749634351305 17.0 1426
1749634438225 17.0 1427
1749634453019 17.0 1428
1749634467953 17.0 1429
1749634482773 17.0 1430
1749634572513 17.0 1431
1749634586617 17.0 1432
1749634601049 17.0 1433
1749634616585 17.0 1434
1749634706627 17.0 1435
1749634721688 17.0 1436
1749634736414 17.0 1437
1749634751797 17.0 1438
1749634840560 17.0 1439
1749634856056 17.0 1440
1749634871285 17.0 1441
1749634885952 17.0 1442
1749634978591 17.0 1443
1749634993210 17.0 1444
1749635007791 17.0 1445
1749635022689 17.0 1446
1749635111515 17.0 1447
1749635126344 17.0 1448
1749635141557 17.0 1449
1749635156535 17.0 1450
1749635246524 17.0 1451
1749635261229 17.0 1452
1749635276208 17.0 1453
1749635291277 17.0 1454
1749635379620 17.0 1455
1749635394424 17.0 1456
1749635409961 17.0 1457
1749635426046 17.0 1458
1749635515208 17.0 1459
1749635530408 17.0 1460
1749635545496 17.0 1461
1749635560760 17.0 1462
1749635647892 17.0 1463
1749635663082 17.0 1464
1749635677586 17.0 1465
1749635693095 17.0 1466
1749635784322 17.0 1467
1749635799618 17.0 1468
1749635814962 17.0 1469
1749635830697 17.0 1470
1749635918000 17.0 1471
1749635932766 17.0 1472
1749635947041 17.0 1473
1749635960349 17.0 1474
1749636036448 17.0 1475
1749636049974 17.0 1476
1749636063703 17.0 1477
1749636078819 17.0 1478
1749636144901 17.0 1479
1749636160004 17.0 1480
1749636174740 17.0 1481
1749636190431 17.0 1482
1749636275032 17.0 1483
1749636289921 17.0 1484
1749636305719 17.0 1485
1749636321365 17.0 1486
1749636402226 17.0 1487
1749636415987 17.0 1488
1749636429873 17.0 1489
1749636444413 17.0 1490
1749636491115 17.0 1491
1749636499863 17.0 1492
1749636503698 17.0 1493
1749637149569 17.0 1493
1749637295625 18.0 1494
1749637316563 18.0 1495
1749637336998 18.0 1496
1749637356957 18.0 1497
1749637442956 18.0 1498
1749637463547 18.0 1499
1749637485254 18.0 1500
1749637506293 18.0 1501
1749637585272 18.0 1502
1749637604929 18.0 1503
1749637626915 18.0 1504
1749637649605 18.0 1505
1749637726465 18.0 1506
1749637746187 18.0 1507
1749637766505 18.0 1508
1749637787599 18.0 1509
1749637867218 18.0 1510
1749637887945 18.0 1511
1749637909566 18.0 1512
1749637929573 18.0 1513
1749638015368 18.0 1514
1749638037493 18.0 1515
1749638058597 18.0 1516
1749638079192 18.0 1517
1749638158933 18.0 1518
1749638178905 18.0 1519
1749638195908 18.0 1520
1749638213777 18.0 1521
1749638294685 18.0 1522
1749638313629 18.0 1523
1749638331349 18.0 1524
1749638349587 18.0 1525
1749638427105 18.0 1526
1749638447783 18.0 1527
1749638465185 18.0 1528
1749638482135 18.0 1529
1749638562009 18.0 1530
1749638582147 18.0 1531
1749638599597 18.0 1532
1749638617456 18.0 1533
1749638692996 18.0 1534
1749638718673 18.0 1535
1749638736910 18.0 1536
1749638754824 18.0 1537
1749638823883 18.0 1538
1749638854920 18.0 1539
1749638873490 18.0 1540
1749638891253 18.0 1541
1749638959047 18.0 1542
1749638991953 18.0 1543
1749639009390 18.0 1544
1749639026376 18.0 1545
1749639091235 18.0 1546
1749639125778 18.0 1547
1749639143872 18.0 1548
1749639161294 18.0 1549
1749639222161 18.0 1550
1749639259755 18.0 1551
1749639277208 18.0 1552
1749639294823 18.0 1553
1749639351804 18.0 1554
1749639387356 18.0 1555
1749639402857 18.0 1556
1749639416932 18.0 1557
1749639459664 18.0 1558
1749639483164 18.0 1559
1749639496747 18.0 1560
1749639510701 18.0 1561
1749639536908 18.0 1562
1749639599311 18.0 1563
1749639614037 18.0 1564
1749639629373 18.0 1565
1749639667268 18.0 1566
1749639730948 18.0 1567
1749639745608 18.0 1568
1749639762093 18.0 1569
1749639799688 18.0 1570
1749639854477 18.0 1571
1749639868328 18.0 1572
1749639884105 18.0 1573
1749639916289 18.0 1574
1749639940167 18.0 1575
1749639946334 18.0 1576
1749640329484 18.0 1576
1749640394996 19.0 1577
1749640407697 19.0 1578
1749640420557 19.0 1579
1749640433192 19.0 1580
1749640451717 19.0 1581
1749640464301 19.0 1582
1749640476877 19.0 1583
1749640489570 19.0 1584
1749640510557 19.0 1585
1749640523264 19.0 1586
1749640535829 19.0 1587
1749640548776 19.0 1588
1749640563724 19.0 1589
1749640576373 19.0 1590
1749640589054 19.0 1591
1749640601556 19.0 1592
1749640632998 19.0 1593
1749640645776 19.0 1594
1749640658171 19.0 1595
1749640670725 19.0 1596
1749640696702 19.0 1597
1749640709485 19.0 1598
1749640721496 19.0 1599
1749640734024 19.0 1600
1749640756692 19.0 1601
1749640768360 19.0 1602
1749640776155 19.0 1603
1749640784360 19.0 1604
1749640809876 19.0 1605
1749640822472 19.0 1606
1749640835287 19.0 1607
1749640851560 19.0 1608
1749640873754 19.0 1609
1749640886621 19.0 1610
1749640899139 19.0 1611
1749640911795 19.0 1612
1749640939722 19.0 1613
1749640952549 19.0 1614
1749640965129 19.0 1615
1749640977905 19.0 1616
1749640993696 19.0 1617
1749641006244 19.0 1618
1749641018948 19.0 1619
1749641036364 19.0 1620
1749641050705 19.0 1621
1749641063184 19.0 1622
1749641076070 19.0 1623
1749641097140 19.0 1624
1749641116083 19.0 1625
1749641129009 19.0 1626
1749641141615 19.0 1627
1749641160394 19.0 1628
1749641168732 19.0 1629
1749641176720 19.0 1630
1749641196507 19.0 1631
1749641233267 19.0 1632
1749641246048 19.0 1633
1749641253938 19.0 1634
1749641266652 19.0 1635
1749641297700 19.0 1636
1749641310253 19.0 1637
1749641322876 19.0 1638
1749641335875 19.0 1639
1749641357407 19.0 1640
1749641369996 19.0 1641
1749641382843 19.0 1642
1749641395375 19.0 1643
1749641419657 19.0 1644
1749641432503 19.0 1645
1749641445120 19.0 1646
1749641454470 19.0 1647
1749641493056 19.0 1648
1749641505676 19.0 1649
1749641518326 19.0 1650
1749641530929 19.0 1651
1749641555019 19.0 1652
1749641562731 19.0 1653
1749641570688 19.0 1654
1749641578441 19.0 1655
1749641604314 19.0 1656
1749641611525 19.0 1657
1749641618929 19.0 1658
1749641622173 19.0 1659
1749641919340 19.0 1659
