1749577034297 4287.76513671875 0
1749577054717 4066.237548828125 1
1749577074217 4318.36767578125 2
1749577093932 3821.454345703125 3
1749577188433 3657.413330078125 4
1749577203915 3762.421630859375 5
1749577221030 3560.89990234375 6
1749577237906 3356.2724609375 7
1749577324593 2841.625 8
1749577340987 3048.77734375 9
1749577358675 3054.44482421875 10
1749577374629 2929.64208984375 11
1749577460701 2815.182373046875 12
1749577476488 2859.35302734375 13
1749577494673 2965.293212890625 14
1749577510446 2854.51806640625 15
1749577603248 2938.14990234375 16
1749577619761 2698.0 17
1749577636416 2980.189453125 18
1749577654676 2991.691650390625 19
1749577743928 2840.807373046875 20
1749577761280 2842.9677734375 21
1749577776641 2897.577392578125 22
1749577793622 2936.780029296875 23
1749577881548 2747.470703125 24
1749577897749 2769.87548828125 25
1749577913053 2734.699951171875 26
1749577929836 2781.7509765625 27
1749578013977 2793.564697265625 28
1749578031210 2938.140869140625 29
1749578046425 2847.16943359375 30
1749578062338 2844.30126953125 31
1749578144049 2835.510009765625 32
1749578161499 2886.1123046875 33
1749578175842 2788.891357421875 34
1749578191015 2920.068359375 35
1749578274719 2691.281982421875 36
1749578291821 2564.27294921875 37
1749578307753 2765.454833984375 38
1749578322493 2954.681396484375 39
1749578407039 2804.311767578125 40
1749578423339 2671.338134765625 41
1749578438830 2813.74267578125 42
1749578452972 2711.3515625 43
1749578537075 2690.875 44
1749578553727 2764.58935546875 45
1749578569426 2682.23583984375 46
1749578584385 2734.145751953125 47
1749578665517 2799.13232421875 48
1749578680592 2752.9228515625 49
1749578698039 2720.12255859375 50
1749578712613 2673.554443359375 51
1749578796359 2810.230224609375 52
1749578811195 2560.8310546875 53
1749578829044 2779.510498046875 54
1749578842724 2753.615478515625 55
1749578917518 2775.005615234375 56
1749578925710 2631.014892578125 57
1749578933810 2608.939453125 58
1749578941707 2655.56103515625 59
1749578993660 2679.446533203125 60
1749579008577 2780.14404296875 61
1749579023757 2701.705078125 62
1749579038841 2608.469482421875 63
1749579116297 2422.611328125 64
1749579134460 2615.272216796875 65
1749579155913 2543.5771484375 66
1749579171245 2524.396728515625 67
1749579247966 2686.782470703125 68
1749579265769 2486.05810546875 69
1749579285616 2596.26953125 70
1749579300929 2415.559814453125 71
1749579377928 2308.94384765625 72
1749579395750 2264.47900390625 73
1749579412586 2251.829833984375 74
1749579427505 2078.76904296875 75
1749579506530 2010.31494140625 76
1749579521907 1615.50341796875 77
1749579538730 1380.7713623046875 78
1749579553385 4355.296875 79
1749579592193 1665.4083251953125 80
1749579600385 3675.634765625 81
1749579603958 3943.643798828125 82
1749580360298 2404.513671875 83
1749580374970 1417.50048828125 84
1749580389671 1994.87744140625 85
1749580407152 2598.3623046875 86
1749580490804 1831.943115234375 87
1749580505554 1556.6083984375 88
1749580520150 1629.753173828125 89
1749580535480 2133.61181640625 90
1749580620722 1930.099853515625 91
1749580635977 2017.151611328125 92
1749580650973 1517.3671875 93
1749580666424 1397.86083984375 94
1749580754087 1444.3690185546875 95
1749580769178 2115.17919921875 96
1749580783386 1506.1734619140625 97
1749580798520 1204.2137451171875 98
1749580887822 1279.938720703125 99
1749580902804 1421.4554443359375 100
1749580917680 1495.4893798828125 101
1749580933631 1116.7052001953125 102
1749581022276 992.964599609375 103
1749581036710 1027.5888671875 104
1749581050662 1203.004638671875 105
1749581067297 931.682373046875 106
1749581151197 988.6622924804688 107
1749581165264 1146.9774169921875 108
1749581180396 1102.6134033203125 109
1749581196050 870.90869140625 110
1749581284788 992.9010009765625 111
1749581299813 1203.548828125 112
1749581314331 941.8167724609375 113
1749581330172 966.2998657226562 114
1749581418647 1121.59814453125 115
1749581432789 938.0419311523438 116
1749581447547 801.720947265625 117
1749581464097 950.6840209960938 118
1749581555065 928.5358276367188 119
1749581571772 918.01611328125 120
1749581590406 857.8723754882812 121
1749581610844 773.3141479492188 122
1749581693873 838.0457153320312 123
1749581711717 867.1712646484375 124
1749581729489 850.76416015625 125
1749581749165 729.1253051757812 126
1749581834443 803.7786865234375 127
1749581850768 925.2582397460938 128
1749581866429 865.390625 129
1749581883666 855.3068237304688 130
1749581967537 919.3222045898438 131
1749581982612 933.337646484375 132
1749581997437 895.4403076171875 133
1749582014113 877.4688110351562 134
1749582103487 925.8308715820312 135
1749582118174 837.168701171875 136
1749582132813 868.0198364257812 137
1749582149425 839.5382690429688 138
1749582236050 792.8610229492188 139
1749582249720 876.9037475585938 140
1749582263475 863.0384521484375 141
1749582279785 846.2633666992188 142
1749582354899 819.641357421875 143
1749582363209 875.8333740234375 144
1749582371270 756.0321044921875 145
1749582380348 904.6002197265625 146
1749582456217 832.92431640625 147
1749582471162 812.0834350585938 148
1749582485740 729.681884765625 149
1749582500763 907.4652099609375 150
1749582587135 805.8624267578125 151
1749582602445 798.28564453125 152
1749582617543 784.2297973632812 153
1749582632693 920.9000244140625 154
1749582717789 786.6826171875 155
1749582733773 764.0103759765625 156
1749582748513 942.59912109375 157
1749582763109 892.9542846679688 158
1749582839111 818.9269409179688 159
1749582852777 853.398193359375 160
1749582865469 889.6126098632812 161
1749582875483 796.1127319335938 162
1749582910736 833.2625122070312 163
1749582918506 834.0797729492188 164
1749582924235 808.8524169921875 165
1749583706845 849.3058471679688 166
1749583721344 819.4741821289062 167
1749583736040 793.0260620117188 168
1749583750384 837.468505859375 169
1749583838324 803.6173095703125 170
1749583853303 823.4703979492188 171
1749583867722 998.1392211914062 172
1749583883382 894.707763671875 173
1749583969624 711.3280639648438 174
1749583984130 737.14892578125 175
1749583999042 857.7975463867188 176
1749584013716 815.438232421875 177
1749584099690 819.2493286132812 178
1749584114383 804.1676025390625 179
1749584128995 883.55908203125 180
1749584143730 779.5655517578125 181
1749584233632 833.7000122070312 182
1749584248062 761.4295043945312 183
1749584262802 728.971435546875 184
1749584277845 920.5172119140625 185
1749584365409 901.4105224609375 186
1749584380062 811.5364990234375 187
1749584394570 772.3817138671875 188
1749584409157 921.976806640625 189
1749584496591 809.346923828125 190
1749584510856 749.12841796875 191
1749584525887 728.1514892578125 192
1749584541097 903.9553833007812 193
1749584631286 834.8201904296875 194
1749584645943 751.4322509765625 195
1749584660276 837.5193481445312 196
1749584674792 781.887939453125 197
1749584762952 839.9282836914062 198
1749584778693 906.8656616210938 199
1749584793397 672.3331909179688 200
1749584808505 864.9425048828125 201
1749584895088 851.818115234375 202
1749584910019 876.477294921875 203
1749584924951 711.44091796875 204
1749584939868 850.976318359375 205
1749585024337 835.144775390625 206
1749585039505 775.9168701171875 207
1749585054348 748.9322509765625 208
1749585069332 827.9896240234375 209
1749585156742 873.1483764648438 210
1749585171922 758.3818969726562 211
1749585186736 681.6430053710938 212
1749585202056 775.275390625 213
1749585290363 747.2366333007812 214
1749585305354 808.8455810546875 215
1749585320133 761.3073120117188 216
1749585335615 903.4341430664062 217
1749585420493 917.8892822265625 218
1749585434564 879.5044555664062 219
1749585449208 722.6617431640625 220
1749585463641 903.2946166992188 221
1749585545732 748.20263671875 222
1749585564357 951.1630859375 223
1749585577440 920.9768676757812 224
1749585590612 925.5250854492188 225
1749585660075 683.7866821289062 226
1749585668124 713.1322021484375 227
1749585675939 849.4110717773438 228
1749585683793 821.3917236328125 229
1749585755377 802.5692749023438 230
1749585770349 700.3672485351562 231
1749585785864 962.9268188476562 232
1749585800957 820.3580932617188 233
1749585885024 774.6505737304688 234
1749585900358 813.3777465820312 235
1749585915213 851.7421875 236
1749585930494 781.04541015625 237
1749586015833 840.4581298828125 238
1749586030980 743.97900390625 239
1749586046133 835.4486083984375 240
1749586060656 862.9568481445312 241
1749586141020 825.3790283203125 242
1749586154465 838.3831176757812 243
1749586167663 759.5338745117188 244
1749586180846 839.7307739257812 245
1749586243371 742.838134765625 246
1749586256798 802.9586791992188 247
1749586261319 645.604736328125 248
1749587065365 934.9149169921875 249
1749587082752 794.4208984375 250
1749587097912 935.0429077148438 251
1749587112830 827.7000732421875 252
1749587194448 929.101806640625 253
1749587211840 801.7667236328125 254
1749587226323 741.21240234375 255
1749587240920 673.8709716796875 256
1749587329444 794.8148803710938 257
1749587346565 789.3171997070312 258
1749587361133 741.0106811523438 259
1749587375983 887.03125 260
1749587463516 834.5519409179688 261
1749587480686 779.8515014648438 262
1749587495656 852.3590087890625 263
1749587510919 717.2031860351562 264
1749587595730 696.4598388671875 265
1749587613145 844.4278564453125 266
1749587627416 745.8173217773438 267
1749587642273 740.947021484375 268
1749587728648 855.2145385742188 269
1749587745711 762.2107543945312 270
1749587760780 713.2565307617188 271
1749587776135 793.3379516601562 272
1749587861515 880.7743530273438 273
1749587878472 778.96142578125 274
1749587893092 854.2792358398438 275
1749587907484 744.754150390625 276
1749587992558 678.12451171875 277
1749588009609 628.7459716796875 278
1749588024852 806.21728515625 279
1749588039932 697.1082763671875 280
1749588125133 828.9467163085938 281
1749588142808 725.0557250976562 282
1749588157837 729.8641357421875 283
1749588172737 737.3516235351562 284
1749588257779 773.496337890625 285
1749588274352 752.6743774414062 286
1749588289969 664.6011352539062 287
1749588304684 803.732666015625 288
1749588388622 683.585693359375 289
1749588406175 823.0286254882812 290
1749588422538 768.9676513671875 291
1749588437293 692.76953125 292
1749588522928 763.4815673828125 293
1749588540277 790.93701171875 294
1749588554849 812.6491088867188 295
1749588569727 792.5700073242188 296
1749588661170 811.8460693359375 297
1749588678388 711.325439453125 298
1749588693797 880.8523559570312 299
1749588708883 798.1588745117188 300
1749588794341 816.9439086914062 301
1749588812008 860.666748046875 302
1749588827702 649.5257568359375 303
1749588842701 769.8582153320312 304
1749588908855 750.462646484375 305
1749588925680 861.1143188476562 306
1749588941171 714.2413940429688 307
1749588953937 727.0472412109375 308
1749589004887 782.028564453125 309
1749589019393 744.3417358398438 310
1749589034397 732.6390380859375 311
1749589049728 755.1683959960938 312
1749589124171 711.3890991210938 313
1749589142481 726.57177734375 314
1749589159802 757.5640258789062 315
1749589175770 672.1068115234375 316
1749589254281 800.4976196289062 317
1749589272025 748.1276245117188 318
1749589288683 679.7647705078125 319
1749589303224 672.6723022460938 320
1749589384311 744.8134155273438 321
1749589401892 680.280517578125 322
1749589417487 739.3018188476562 323
1749589432783 657.9913330078125 324
1749589519962 779.3289184570312 325
1749589534939 700.7523193359375 326
1749589547650 743.9491577148438 327
1749589560189 769.60791015625 328
1749589605967 806.6503295898438 329
1749589613810 720.674072265625 330
1749589617102 745.833984375 331
1749590439253 767.5418701171875 332
1749590454012 742.6604614257812 333
1749590469456 751.91357421875 334
1749590484315 688.8562622070312 335
1749590568577 721.5038452148438 336
1749590583729 784.1138305664062 337
1749590599088 725.7335205078125 338
1749590613995 694.4142456054688 339
1749590700622 636.8336791992188 340
1749590716175 776.9320068359375 341
1749590731225 603.6865234375 342
1749590746022 595.8439331054688 343
1749590829503 753.375244140625 344
1749590850215 719.203857421875 345
1749590864600 745.222412109375 346
1749590879585 717.6615600585938 347
1749590964404 753.40771484375 348
1749590982495 672.7783203125 349
1749590997281 717.4730834960938 350
1749591012787 684.7090454101562 351
1749591095333 794.1036987304688 352
1749591117342 678.7738037109375 353
1749591131900 789.1710205078125 354
1749591147252 593.7861938476562 355
1749591225063 713.6243896484375 356
1749591251286 722.7438354492188 357
1749591266124 679.4989624023438 358
1749591280856 770.69775390625 359
1749591360204 701.3242797851562 360
1749591386594 746.6947021484375 361
1749591401972 617.2057495117188 362
1749591416403 770.1328125 363
1749591491057 671.0028076171875 364
1749591521088 707.2686157226562 365
1749591535807 721.1697387695312 366
1749591550340 595.634765625 367
1749591625031 623.6109619140625 368
1749591658613 641.5744018554688 369
1749591673304 619.204833984375 370
1749591688636 588.2430419921875 371
1749591761212 745.621337890625 372
1749591792455 634.6845703125 373
1749591807438 587.4332885742188 374
1749591822827 644.2066650390625 375
1749591896355 708.1737060546875 376
1749591928526 672.1451416015625 377
1749591944226 646.5512084960938 378
1749591958852 667.519775390625 379
1749592031888 749.6340942382812 380
1749592062453 684.8079223632812 381
1749592077200 773.0938110351562 382
1749592091918 714.727783203125 383
1749592162793 642.531494140625 384
1749592195161 658.2144775390625 385
1749592208339 791.986328125 386
1749592216618 763.690673828125 387
1749592266635 725.4009399414062 388
1749592304032 664.4942626953125 389
1749592316690 689.759521484375 390
1749592329418 550.3453979492188 391
1749592367130 701.78955078125 392
1749592385479 630.00390625 393
1749592401063 644.2587890625 394
1749592416003 664.0629272460938 395
1749592475184 678.592041015625 396
1749592515190 624.844482421875 397
1749592532470 616.0691528320312 398
1749592547887 707.0413818359375 399
1749592606033 696.7854614257812 400
1749592643084 654.4765014648438 401
1749592659000 605.4529418945312 402
1749592674124 584.8607788085938 403
1749592734312 634.5629272460938 404
1749592772375 658.0811767578125 405
1749592787248 680.4674072265625 406
1749592801835 727.3927001953125 407
1749592859307 595.9335327148438 408
1749592888521 721.92431640625 409
1749592896691 555.2972412109375 410
1749592904912 677.6115112304688 411
1749592955948 710.3888549804688 412
1749592963931 574.6842651367188 413
1749592967551 755.1446533203125 414
1749593784143 579.4348754882812 415
1749593799255 629.8175048828125 416
1749593813824 569.5303344726562 417
1749593828699 775.6560668945312 418
1749593913928 619.8161010742188 419
1749593928502 707.1707153320312 420
1749593942880 745.4119262695312 421
1749593957745 819.002685546875 422
1749594040681 674.3820190429688 423
1749594055174 686.01513671875 424
1749594070158 614.3720092773438 425
1749594085713 702.9907836914062 426
1749594173572 648.570556640625 427
1749594188867 605.2838745117188 428
1749594203722 693.4826049804688 429
1749594218409 560.11474609375 430
1749594303568 759.67822265625 431
1749594321904 714.8165283203125 432
1749594336841 727.6197509765625 433
1749594351773 649.1744995117188 434
1749594434142 706.1937866210938 435
1749594453812 611.1682739257812 436
1749594468771 592.4088745117188 437
1749594484136 628.2188720703125 438
1749594564459 645.4771118164062 439
1749594587636 684.0118408203125 440
1749594602976 650.6876220703125 441
1749594618409 690.9376220703125 442
1749594697020 747.163330078125 443
1749594724145 798.7578125 444
1749594738561 656.7760620117188 445
1749594753640 634.8118896484375 446
1749594828696 617.9244384765625 447
1749594857986 639.6773071289062 448
1749594873376 789.1588134765625 449
1749594889882 638.7747192382812 450
1749594958953 646.7216186523438 451
1749594991372 698.1212158203125 452
1749595006356 615.4130859375 453
1749595023316 802.513427734375 454
1749595089271 638.7388916015625 455
1749595125028 653.0078125 456
1749595140045 614.2799682617188 457
1749595157068 705.145751953125 458
1749595218473 695.8333129882812 459
1749595258000 661.1940307617188 460
1749595272914 589.2306518554688 461
1749595289901 755.2866821289062 462
1749595349088 772.21240234375 463
1749595391013 660.807373046875 464
1749595405458 694.9066162109375 465
1749595423284 689.093994140625 466
1749595480046 693.2549438476562 467
1749595522009 769.1409301757812 468
1749595536277 643.1514892578125 469
1749595551101 715.0585327148438 470
1749595599610 636.8344116210938 471
1749595626495 673.6640625 472
1749595635487 634.9407958984375 473
1749595643514 708.692138671875 474
1749595681915 659.243896484375 475
1749595712593 572.9591064453125 476
1749595727083 617.2556762695312 477
1749595741837 619.9827880859375 478
1749595800945 599.898681640625 479
1749595844154 646.7811889648438 480
1749595858953 591.4083251953125 481
1749595874501 656.2896728515625 482
1749595932076 511.7434387207031 483
1749595971392 680.9693603515625 484
1749595986769 539.6832275390625 485
1749596001737 559.5654296875 486
1749596063629 567.8657836914062 487
1749596102662 556.1276245117188 488
1749596117239 698.1205444335938 489
1749596132180 620.9179077148438 490
1749596193125 589.587646484375 491
1749596226917 682.9570922851562 492
1749596240955 683.5824584960938 493
1749596254149 652.9370727539062 494
1749596289764 611.5281982421875 495
1749596307171 707.8427734375 496
1749596310792 725.27587890625 497
1749597113476 570.50244140625 498
1749597128480 701.869873046875 499
1749597143709 666.096923828125 500
1749597157902 618.8514404296875 501
1749597244947 572.4229125976562 502
1749597259216 581.828857421875 503
1749597273066 622.8722534179688 504
1749597287977 647.434814453125 505
1749597377307 610.9313354492188 506
1749597391846 761.9478759765625 507
1749597407410 526.7919311523438 508
1749597422416 660.8488159179688 509
1749597510304 674.5684204101562 510
1749597525631 756.9838256835938 511
1749597539919 795.79931640625 512
1749597555367 705.5493774414062 513
1749597641224 685.9264526367188 514
1749597656043 890.3167114257812 515
1749597670525 642.715576171875 516
1749597685998 731.0347290039062 517
1749597773108 632.92626953125 518
1749597787960 633.818603515625 519
1749597803126 744.0089721679688 520
1749597817357 653.940673828125 521
1749597903209 691.2012329101562 522
1749597918297 628.0897827148438 523
1749597932519 689.2686767578125 524
1749597947648 729.618896484375 525
1749598032401 693.2251586914062 526
1749598048251 655.45654296875 527
1749598062857 647.323486328125 528
1749598078201 571.9042358398438 529
1749598163589 622.98046875 530
1749598179405 658.9307861328125 531
1749598194028 629.9144897460938 532
1749598209300 672.4551391601562 533
1749598293754 587.7278442382812 534
1749598309997 710.9031372070312 535
1749598324719 626.2273559570312 536
1749598339375 631.13330078125 537
1749598425375 739.3629760742188 538
1749598442058 568.423095703125 539
1749598457110 610.4229125976562 540
1749598472199 705.8935546875 541
1749598557656 605.27294921875 542
1749598575475 695.4276123046875 543
1749598590816 723.1929321289062 544
1749598605774 782.2687377929688 545
1749598686011 635.7572631835938 546
1749598704560 630.9690551757812 547
1749598719369 707.9203491210938 548
1749598734456 662.0440063476562 549
1749598818013 605.6779174804688 550
1749598841424 491.69110107421875 551
1749598856072 687.3897705078125 552
1749598871358 611.2177734375 553
1749598946752 628.5200805664062 554
1749598965940 571.826416015625 555
1749598979347 635.7700805664062 556
1749598987333 656.5247192382812 557
1749599038176 605.9783935546875 558
1749599053850 681.0444946289062 559
1749599068740 735.16064453125 560
1749599083168 627.540771484375 561
1749599150982 662.4212036132812 562
1749599174842 665.607421875 563
1749599191733 625.0359497070312 564
1749599208849 626.6658325195312 565
1749599280941 644.7752075195312 566
1749599306720 619.1079711914062 567
1749599325012 547.8438720703125 568
1749599341308 627.0966186523438 569
1749599412372 580.1905517578125 570
1749599439559 570.6527709960938 571
1749599457000 651.159912109375 572
1749599472365 621.5958862304688 573
1749599549199 595.4619750976562 574
1749599566269 662.6749267578125 575
1749599581958 614.382080078125 576
1749599595289 704.1574096679688 577
1749599652922 605.8580932617188 578
1749599661189 643.9133911132812 579
1749599666854 577.097900390625 580
1749600469741 650.6697998046875 581
1749600484362 653.0582275390625 582
1749600498645 691.75048828125 583
1749600513731 676.1380004882812 584
1749600603488 718.8128662109375 585
1749600618120 600.9140014648438 586
1749600633392 522.4653930664062 587
1749600648577 703.174560546875 588
1749600735045 607.3633422851562 589
1749600749681 648.0161743164062 590
1749600764741 701.543701171875 591
1749600780073 625.888427734375 592
1749600866331 638.3165893554688 593
1749600881377 679.9692993164062 594
1749600895819 606.3612670898438 595
1749600910216 632.0498657226562 596
1749600996696 560.861083984375 597
1749601012021 766.5293579101562 598
1749601026952 659.7696533203125 599
1749601041390 582.38232421875 600
1749601128409 595.4544067382812 601
1749601143604 638.0396728515625 602
1749601158761 555.6893920898438 603
1749601173861 601.5213623046875 604
1749601263508 693.4097900390625 605
1749601277970 627.7943115234375 606
1749601292731 546.478271484375 607
1749601307669 636.4246215820312 608
1749601395464 585.26025390625 609
1749601410348 645.1759643554688 610
1749601425679 644.8150634765625 611
1749601440859 577.77490234375 612
1749601526019 496.8322448730469 613
1749601540281 573.58642578125 614
1749601554904 641.1459350585938 615
1749601569811 572.7235717773438 616
1749601656378 656.150146484375 617
1749601671373 579.7335205078125 618
1749601686292 673.64794921875 619
1749601701053 628.223876953125 620
1749601784040 625.8490600585938 621
1749601799118 629.2088012695312 622
1749601814380 562.5828857421875 623
1749601829252 567.6256713867188 624
1749601917209 560.0853271484375 625
1749601932217 694.1760864257812 626
1749601946864 597.0538940429688 627
1749601961548 560.179443359375 628
1749602048265 566.130615234375 629
1749602064133 606.5339965820312 630
1749602078769 694.0955810546875 631
1749602094163 551.3617553710938 632
1749602178554 645.5767822265625 633
1749602195018 575.7149047851562 634
1749602209998 714.0354614257812 635
1749602224860 712.8630981445312 636
1749602304633 622.9346923828125 637
1749602317975 633.55615234375 638
1749602329316 618.3209228515625 639
1749602341853 517.6165161132812 640
1749602402895 649.0408325195312 641
1749602417940 624.6602172851562 642
1749602432891 636.4754028320312 643
1749602447514 653.3903198242188 644
1749602529417 625.9837646484375 645
1749602547779 610.2772827148438 646
1749602563132 620.5217895507812 647
1749602578217 673.580078125 648
1749602656581 669.3994140625 649
1749602673755 594.850830078125 650
1749602688946 725.6160278320312 651
1749602703745 625.9708251953125 652
1749602785184 593.7923583984375 653
1749602801833 616.7236328125 654
1749602816481 650.6764526367188 655
1749602831273 624.9266967773438 656
1749602910418 551.8104248046875 657
1749602925031 712.2994384765625 658
1749602938050 601.1126098632812 659
1749602952014 623.547119140625 660
1749603002935 651.3455810546875 661
1749603010959 644.8766479492188 662
1749603014239 755.0337524414062 663
1749603783465 614.4686279296875 664
1749603799941 616.38818359375 665
1749603817769 601.2431030273438 666
1749603835723 651.9965209960938 667
1749603915852 586.0743408203125 668
1749603933851 657.3329467773438 669
1749603951562 595.3502197265625 670
1749603968512 658.472900390625 671
1749604051545 640.5670776367188 672
1749604068652 630.8804931640625 673
1749604086876 644.2343139648438 674
1749604104796 658.6444702148438 675
1749604184513 606.9212646484375 676
1749604201709 728.6716918945312 677
1749604219352 614.5656127929688 678
1749604236016 629.3955078125 679
1749604321696 657.8745727539062 680
1749604340680 605.3702392578125 681
1749604358218 668.1592407226562 682
1749604375780 596.5751342773438 683
1749604449591 531.1588745117188 684
1749604466552 692.604736328125 685
1749604484233 569.2901611328125 686
1749604501632 560.605224609375 687
1749604580783 666.2393188476562 688
1749604597588 653.5095825195312 689
1749604615488 670.2069091796875 690
1749604632712 678.7318115234375 691
1749604715169 635.9669799804688 692
1749604732784 674.0763549804688 693
1749604750066 630.643798828125 694
1749604767481 683.4529418945312 695
1749604849965 557.4708251953125 696
1749604866745 539.828857421875 697
1749604884600 614.1962890625 698
1749604902378 594.7117309570312 699
1749604984651 621.3211669921875 700
1749605001691 596.2943115234375 701
1749605019701 602.002685546875 702
1749605037621 559.2518920898438 703
1749605117849 672.4172973632812 704
1749605135566 610.3089599609375 705
1749605153675 612.1087036132812 706
1749605171104 596.4464721679688 707
1749605250082 613.5729370117188 708
1749605267533 674.7596435546875 709
1749605285401 602.4088745117188 710
1749605303081 538.2020874023438 711
1749605384645 635.7871704101562 712
1749605402509 601.3861083984375 713
1749605420110 577.9876708984375 714
1749605437873 580.11083984375 715
1749605522365 697.619140625 716
1749605539184 618.095947265625 717
1749605556083 696.7883911132812 718
1749605573457 625.149169921875 719
1749605654232 637.9187622070312 720
1749605670123 494.225830078125 721
1749605685915 655.9010620117188 722
1749605700280 600.6233520507812 723
1749605777470 659.760498046875 724
1749605791527 558.7288208007812 725
1749605804313 689.3544921875 726
1749605819252 486.0152893066406 727
1749605880533 613.554443359375 728
1749605895902 664.6610717773438 729
1749605911189 600.3572387695312 730
1749605927270 664.8499755859375 731
1749606010777 565.5955810546875 732
1749606025126 633.6007080078125 733
1749606039379 573.5006103515625 734
1749606056310 554.8082275390625 735
1749606140334 736.4656982421875 736
1749606155578 611.4379272460938 737
1749606171042 766.1504516601562 738
1749606188739 575.750732421875 739
1749606266240 563.4000244140625 740
1749606279730 622.6366577148438 741
1749606293911 553.4614868164062 742
1749606307103 551.4940795898438 743
1749606360157 617.6400756835938 744
1749606368286 624.2782592773438 745
1749606373777 650.7423095703125 746
1749607167165 629.9735107421875 747
1749607184724 613.9956665039062 748
1749607199640 558.295654296875 749
1749607214706 569.6530151367188 750
1749607295088 670.9357299804688 751
1749607311446 574.8466796875 752
1749607326414 600.8375854492188 753
1749607341288 535.1768798828125 754
1749607426931 581.30322265625 755
1749607444137 548.9522705078125 756
1749607459373 622.0419921875 757
1749607474873 496.01605224609375 758
1749607557921 669.3592529296875 759
1749607576485 571.1203002929688 760
1749607591627 699.1981201171875 761
1749607606333 717.0353393554688 762
1749607690425 606.4047241210938 763
1749607708883 578.5531616210938 764
1749607724939 617.6439819335938 765
1749607739727 579.5159301757812 766
1749607826022 599.8289184570312 767
1749607843348 638.4298095703125 768
1749607859322 557.6477661132812 769
1749607874525 557.3931274414062 770
1749607956373 664.281982421875 771
1749607974090 560.8772583007812 772
1749607991133 655.3611450195312 773
1749608005814 687.6868286132812 774
1749608088262 586.1150512695312 775
1749608106264 637.6569213867188 776
1749608122600 661.3054809570312 777
1749608137285 751.2811889648438 778
1749608218189 677.8074951171875 779
1749608235144 648.8137817382812 780
1749608252274 713.27587890625 781
1749608267668 589.6528930664062 782
1749608349385 681.5602416992188 783
1749608371148 621.4403686523438 784
1749608387543 713.327880859375 785
1749608404129 671.2596435546875 786
1749608480475 502.3943786621094 787
1749608501631 612.2214965820312 788
1749608519628 629.41650390625 789
1749608535692 642.1891479492188 790
1749608614721 620.5540771484375 791
1749608632344 684.0654907226562 792
1749608649326 698.61376953125 793
1749608665573 618.938720703125 794
1749608745879 621.1660766601562 795
1749608769079 627.7041015625 796
1749608786117 591.659912109375 797
1749608802317 622.4139404296875 798
1749608880413 632.9251098632812 799
1749608902785 679.6298828125 800
1749608919038 616.3746948242188 801
1749608935752 567.8617553710938 802
1749609014207 610.7522583007812 803
1749609030829 571.0230102539062 804
1749609046164 561.7044067382812 805
1749609059017 650.9849853515625 806
1749609115338 601.847900390625 807
1749609130924 656.245849609375 808
1749609144739 535.0277709960938 809
1749609159429 691.882568359375 810
1749609228852 594.2955932617188 811
1749609256807 551.1224365234375 812
1749609274328 599.8606567382812 813
1749609291095 571.9932250976562 814
1749609357723 460.0387878417969 815
1749609387737 644.56005859375 816
1749609404982 556.2630615234375 817
1749609420205 604.694091796875 818
1749609487676 560.7533569335938 819
1749609519401 570.82568359375 820
1749609535217 559.8619995117188 821
1749609550240 555.1866455078125 822
1749609614848 630.1915893554688 823
1749609643823 502.2494812011719 824
1749609656905 505.2743835449219 825
1749609669855 501.74481201171875 826
1749609713600 670.8869018554688 827
1749609726255 617.1353149414062 828
1749609729648 605.6018676757812 829
1749610524608 610.7482299804688 830
1749610538995 515.0201416015625 831
1749610553372 504.8235168457031 832
1749610568144 577.7347412109375 833
1749610656406 631.2356567382812 834
1749610670477 541.854248046875 835
1749610685072 596.3654174804688 836
1749610700242 521.654052734375 837
1749610788228 595.0311889648438 838
1749610803095 629.8821411132812 839
1749610818393 620.8915405273438 840
1749610833368 543.4007568359375 841
1749610920455 516.51513671875 842
1749610935204 523.1707763671875 843
1749610950121 566.88330078125 844
1749610964761 488.7731628417969 845
1749611055686 573.0401000976562 846
1749611070498 632.8432006835938 847
1749611085324 619.7897338867188 848
1749611100827 542.279541015625 849
1749611188580 647.4351806640625 850
1749611203726 588.4384155273438 851
1749611217612 644.5841674804688 852
1749611233430 523.1749877929688 853
1749611322465 521.8389892578125 854
1749611337540 584.9825439453125 855
1749611352526 628.5842895507812 856
1749611367402 638.2960815429688 857
1749611456041 663.4883422851562 858
1749611471080 648.0623779296875 859
1749611486105 674.6065673828125 860
1749611500046 498.651611328125 861
1749611587733 671.8099975585938 862
1749611602732 515.6691284179688 863
1749611618073 562.9122314453125 864
1749611632540 633.5574951171875 865
1749611722667 662.4121704101562 866
1749611737512 603.2836303710938 867
1749611752096 589.0328369140625 868
1749611767032 717.43505859375 869
1749611856753 601.77685546875 870
1749611872384 560.4346313476562 871
1749611887844 579.487060546875 872
1749611902482 602.9683837890625 873
1749611988088 665.9454956054688 874
1749612003384 611.500732421875 875
1749612018381 519.7398681640625 876
1749612033387 660.6018676757812 877
1749612121452 572.5159301757812 878
1749612135989 510.6405944824219 879
1749612151238 545.9423217773438 880
1749612166220 655.1860961914062 881
1749612253828 614.9571533203125 882
1749612268910 677.8282470703125 883
1749612284059 629.3569946289062 884
1749612298830 549.9730224609375 885
1749612377261 520.389404296875 886
1749612390165 689.960693359375 887
1749612403141 518.5513916015625 888
1749612415769 596.8574829101562 889
1749612466600 592.528564453125 890
1749612481845 569.0736694335938 891
1749612496760 630.759521484375 892
1749612511757 610.4071044921875 893
1749612591660 576.9421997070312 894
1749612608873 686.1820678710938 895
1749612624531 644.5269775390625 896
1749612639693 533.2445068359375 897
1749612720662 567.6408081054688 898
1749612738733 557.6932983398438 899
1749612753554 576.5363159179688 900
1749612768959 568.2706909179688 901
1749612848586 591.019775390625 902
1749612866506 614.0308227539062 903
1749612881423 618.400390625 904
1749612896043 557.1145629882812 905
1749612976499 694.04296875 906
1749612991788 633.4684448242188 907
1749613004547 490.4281005859375 908
1749613017251 553.1936645507812 909
1749613059770 630.0012817382812 910
1749613067855 614.4384155273438 911
1749613071096 603.6306762695312 912
1749613846895 536.880615234375 913
1749613864113 577.9744873046875 914
1749613881635 625.73828125 915
1749613899180 515.6150512695312 916
1749613977962 594.4324951171875 917
1749613994760 620.589111328125 918
1749614011509 646.4390258789062 919
1749614029287 713.2564697265625 920
1749614111672 661.8654174804688 921
1749614129222 519.04833984375 922
1749614146369 625.9373168945312 923
1749614164273 587.6973876953125 924
1749614242822 588.730712890625 925
1749614260783 646.556396484375 926
1749614278401 577.370849609375 927
1749614295001 624.3577270507812 928
1749614374337 586.1087646484375 929
1749614391793 675.1707763671875 930
1749614408861 480.995361328125 931
1749614425816 535.2971801757812 932
1749614508771 539.9127807617188 933
1749614526542 514.9652099609375 934
1749614543363 638.344970703125 935
1749614560533 611.1569213867188 936
1749614640337 707.3153686523438 937
1749614657536 649.0970458984375 938
1749614675261 559.6553955078125 939
1749614691903 630.9370727539062 940
1749614775488 532.8006591796875 941
1749614792767 597.564208984375 942
1749614811221 621.0899658203125 943
1749614828704 604.4306640625 944
1749614907799 661.011474609375 945
1749614925083 623.7923583984375 946
1749614942202 650.554931640625 947
1749614959670 627.7442016601562 948
1749615040064 664.48876953125 949
1749615056691 586.9970092773438 950
1749615074866 633.3410034179688 951
1749615093622 675.2510986328125 952
1749615171867 652.8462524414062 953
1749615190037 564.9529418945312 954
1749615207593 632.3174438476562 955
1749615225457 572.22802734375 956
1749615307856 598.7581787109375 957
1749615326327 563.4397583007812 958
1749615344480 585.966552734375 959
1749615361098 606.0460815429688 960
1749615440290 692.007568359375 961
1749615457818 795.2708740234375 962
1749615475236 608.9198608398438 963
1749615492249 759.9797973632812 964
1749615575883 738.897216796875 965
1749615593584 508.9290771484375 966
1749615611502 662.326171875 967
1749615629540 664.8963623046875 968
1749615708455 631.8867797851562 969
1749615724419 625.5084838867188 970
1749615740084 615.436767578125 971
1749615755808 724.05078125 972
1749615808142 611.0501098632812 973
1749615821333 632.84765625 974
1749615834225 651.8046875 975
1749615849531 545.2999877929688 976
1749615906856 630.89501953125 977
1749615921457 700.4902954101562 978
1749615941365 592.2501831054688 979
1749615957568 758.887939453125 980
1749616035773 667.0368041992188 981
1749616051067 708.7496948242188 982
1749616074672 682.1067504882812 983
1749616093377 662.1981201171875 984
1749616164413 563.2957153320312 985
1749616179135 747.0641479492188 986
1749616206230 586.5682373046875 987
1749616223680 632.6724243164062 988
1749616298567 559.4663696289062 989
1749616311870 558.7560424804688 990
1749616334329 531.2264404296875 991
1749616350441 667.830322265625 992
1749616410584 589.4136962890625 993
1749616418164 649.346923828125 994
1749616421783 595.4906616210938 995
1749617211813 684.772216796875 996
1749617226894 642.0621948242188 997
1749617242296 559.9024047851562 998
1749617257517 478.1986389160156 999
1749617345028 586.8223266601562 1000
1749617360293 536.2915649414062 1001
1749617374690 654.3760986328125 1002
1749617390224 513.4929809570312 1003
1749617477194 518.5697021484375 1004
1749617492502 602.2181396484375 1005
1749617507596 493.1524963378906 1006
1749617522147 645.0369873046875 1007
1749617613349 697.1484985351562 1008
1749617628893 645.4194946289062 1009
1749617643444 690.837158203125 1010
1749617658117 643.2944946289062 1011
1749617745414 562.0714111328125 1012
1749617761079 534.3815307617188 1013
1749617776385 626.798095703125 1014
1749617791224 537.2279052734375 1015
1749617881253 585.3470458984375 1016
1749617896301 531.8914184570312 1017
1749617910798 596.7713623046875 1018
1749617925152 660.984130859375 1019
1749618013241 607.7192993164062 1020
1749618027984 499.081787109375 1021
1749618042968 517.6939086914062 1022
1749618058313 618.3298950195312 1023
1749618149336 584.1945190429688 1024
1749618164225 512.556396484375 1025
1749618179880 596.3170776367188 1026
1749618195085 611.307861328125 1027
1749618279352 589.976806640625 1028
1749618294305 602.77294921875 1029
1749618309074 591.2979736328125 1030
1749618323295 602.5228881835938 1031
1749618408837 545.0027465820312 1032
1749618424798 580.6978149414062 1033
1749618440944 587.1710205078125 1034
1749618456701 482.58447265625 1035
1749618537905 524.4716186523438 1036
1749618554966 593.3746337890625 1037
1749618569965 612.8253784179688 1038
1749618585373 541.1436157226562 1039
1749618669846 585.7468872070312 1040
1749618686991 567.6651611328125 1041
1749618701860 556.4005737304688 1042
1749618717957 519.1078491210938 1043
1749618802061 590.511474609375 1044
1749618820396 678.039306640625 1045
1749618834921 595.012939453125 1046
1749618850449 591.9830322265625 1047
1749618933264 611.2423706054688 1048
1749618949477 581.5770874023438 1049
1749618964397 619.76513671875 1050
1749618979329 564.9993896484375 1051
1749619060551 635.72509765625 1052
1749619077303 537.4417114257812 1053
1749619091102 642.3308715820312 1054
1749619103818 522.9255981445312 1055
1749619164628 647.632080078125 1056
1749619179438 629.792236328125 1057
1749619194652 557.0479736328125 1058
1749619209945 584.9779052734375 1059
1749619292245 487.5028076171875 1060
1749619309875 578.93017578125 1061
1749619324613 683.5713500976562 1062
1749619339137 593.7001953125 1063
1749619420799 617.267333984375 1064
1749619438330 559.3287353515625 1065
1749619453199 545.9131469726562 1066
1749619468401 648.4842529296875 1067
1749619548988 556.21435546875 1068
1749619565465 498.0859680175781 1069
1749619580762 544.3639526367188 1070
1749619595698 540.3963012695312 1071
1749619680534 603.3412475585938 1072
1749619695269 548.8287963867188 1073
1749619708287 564.7693481445312 1074
1749619721202 585.5319213867188 1075
1749619767408 497.8150329589844 1076
1749619775480 586.205078125 1077
1749619778782 570.524658203125 1078
1749620575854 529.948486328125 1079
1749620593367 562.4200439453125 1080
1749620611225 560.205322265625 1081
1749620626337 583.2050170898438 1082
1749620704113 570.9500122070312 1083
1749620722313 512.1845703125 1084
1749620740379 596.9951782226562 1085
1749620755989 586.8571166992188 1086
1749620837982 605.108642578125 1087
1749620856003 609.0023803710938 1088
1749620873503 721.316162109375 1089
1749620889947 586.3302001953125 1090
1749620975085 619.4996948242188 1091
1749620992246 639.4865112304688 1092
1749621009783 585.1450805664062 1093
1749621025151 603.9627075195312 1094
1749621107196 510.95648193359375 1095
1749621125063 620.4827880859375 1096
1749621142036 488.5968933105469 1097
1749621156856 487.17205810546875 1098
1749621239665 651.0161743164062 1099
1749621256243 610.2069091796875 1100
1749621274139 568.6560668945312 1101
1749621290021 719.2679443359375 1102
1749621375248 565.342529296875 1103
1749621393109 581.6497802734375 1104
1749621410703 557.6386108398438 1105
1749621425154 573.6477661132812 1106
1749621510925 512.0264282226562 1107
1749621528281 621.4453125 1108
1749621546335 629.5556030273438 1109
1749621561494 567.2002563476562 1110
1749621641721 573.3897705078125 1111
1749621659837 558.3058471679688 1112
1749621676613 573.3038330078125 1113
1749621691485 571.7381591796875 1114
1749621770188 515.4856567382812 1115
1749621788214 641.3302612304688 1116
1749621807965 558.6432495117188 1117
1749621824173 522.1547241210938 1118
1749621901555 613.0528564453125 1119
1749621918920 579.714599609375 1120
1749621936967 647.7448120117188 1121
1749621954665 555.4052124023438 1122
1749622029361 519.8125 1123
1749622046521 679.6675415039062 1124
1749622064098 537.1610107421875 1125
1749622081375 499.3134765625 1126
1749622162869 557.6075439453125 1127
1749622181281 543.9642333984375 1128
1749622199383 697.3348388671875 1129
1749622217133 578.4173583984375 1130
1749622295772 438.61810302734375 1131
1749622314863 504.8419189453125 1132
1749622331988 556.0499877929688 1133
1749622349152 614.1593017578125 1134
1749622405997 573.17041015625 1135
1749622424234 509.0218811035156 1136
1749622439516 539.56689453125 1137
1749622454005 520.26123046875 1138
1749622498864 606.0833129882812 1139
1749622517660 568.311767578125 1140
1749622542673 578.5301513671875 1141
1749622556228 490.0886535644531 1142
1749622601905 510.49468994140625 1143
1749622617394 613.1010131835938 1144
1749622649905 469.03875732421875 1145
1749622664519 633.330810546875 1146
1749622734373 645.7628173828125 1147
1749622749533 661.2332763671875 1148
1749622780304 608.5653686523438 1149
1749622795719 600.6737060546875 1150
1749622865440 578.8887329101562 1151
1749622879699 554.4273071289062 1152
1749622909651 564.3281860351562 1153
1749622925719 529.7738647460938 1154
1749622996862 629.5610961914062 1155
1749623011112 547.041015625 1156
1749623039523 575.4534912109375 1157
1749623055910 454.6111145019531 1158
1749623099049 589.321533203125 1159
1749623106925 592.0147094726562 1160
1749623110462 472.1604309082031 1161
1749623886678 616.2615356445312 1162
1749623901659 523.9046020507812 1163
1749623916218 556.4998779296875 1164
1749623932548 694.0293579101562 1165
1749624018874 527.11181640625 1166
1749624033901 576.1712036132812 1167
1749624048891 506.14703369140625 1168
1749624063920 566.7023315429688 1169
1749624151436 576.6674194335938 1170
1749624166355 548.8980712890625 1171
1749624180932 562.3494262695312 1172
1749624196097 506.1465148925781 1173
1749624282727 559.9154052734375 1174
1749624297757 575.5684814453125 1175
1749624312517 541.9849243164062 1176
1749624327515 495.31646728515625 1177
1749624411911 581.6747436523438 1178
1749624427030 620.871337890625 1179
1749624441668 510.9630126953125 1180
1749624456730 616.6666870117188 1181
1749624544780 547.6654663085938 1182
1749624559541 527.5286254882812 1183
1749624574516 628.544189453125 1184
1749624590209 581.4732055664062 1185
1749624676444 541.9965209960938 1186
1749624691546 537.28466796875 1187
1749624706827 527.093994140625 1188
1749624721920 511.1799011230469 1189
1749624811571 553.2387084960938 1190
1749624826913 621.8652954101562 1191
1749624841899 580.4676513671875 1192
1749624856603 530.4727783203125 1193
1749624944308 652.2767333984375 1194
1749624959928 575.6633911132812 1195
1749624974622 612.16064453125 1196
1749624989276 632.4882202148438 1197
1749625080248 665.3489379882812 1198
1749625096401 559.7850341796875 1199
1749625111296 511.46612548828125 1200
1749625126396 624.8042602539062 1201
1749625215669 670.024658203125 1202
1749625231223 620.654541015625 1203
1749625246949 634.6475219726562 1204
1749625261723 696.0706176757812 1205
1749625347465 566.194091796875 1206
1749625366101 639.5159301757812 1207
1749625381608 599.2472534179688 1208
1749625396580 631.7637329101562 1209
1749625482589 550.9755859375 1210
1749625501399 605.3931274414062 1211
1749625516177 504.519775390625 1212
1749625531551 690.6978149414062 1213
1749625616249 568.5433349609375 1214
1749625636652 649.232177734375 1215
1749625651874 515.0184936523438 1216
1749625667805 582.7573852539062 1217
1749625747155 628.2797241210938 1218
1749625769113 559.2029418945312 1219
1749625783304 571.9959106445312 1220
1749625796491 536.0874633789062 1221
1749625855241 522.66943359375 1222
1749625889312 574.2078857421875 1223
1749625902326 579.1723022460938 1224
1749625915185 571.31103515625 1225
1749625950457 572.7005004882812 1226
1749625965650 516.72412109375 1227
1749625980395 590.0770263671875 1228
1749626000355 627.5668334960938 1229
1749626077328 520.3814086914062 1230
1749626095317 548.3342895507812 1231
1749626113057 619.1657104492188 1232
1749626130077 613.0783081054688 1233
1749626207941 453.7169494628906 1234
1749626225885 535.516357421875 1235
1749626242240 571.6355590820312 1236
1749626263461 515.1481323242188 1237
1749626338282 601.3525390625 1238
1749626356797 594.7933959960938 1239
1749626372394 553.2308959960938 1240
1749626390342 515.9544677734375 1241
1749626427225 578.181884765625 1242
1749626465892 572.8092651367188 1243
1749626471710 523.16845703125 1244
1749627251802 544.1593627929688 1245
1749627267433 553.4880981445312 1246
1749627283068 502.4537353515625 1247
1749627297595 596.6846313476562 1248
1749627388504 643.188720703125 1249
1749627403763 536.5469970703125 1250
1749627418187 524.8681030273438 1251
1749627433115 572.4491577148438 1252
1749627523128 538.7169189453125 1253
1749627538068 575.8834228515625 1254
1749627552936 539.0044555664062 1255
1749627568375 599.3435668945312 1256
1749627656395 566.5635986328125 1257
1749627671917 536.6477661132812 1258
1749627687245 564.179931640625 1259
1749627702341 590.6019897460938 1260
1749627786637 572.1387939453125 1261
1749627802273 601.482177734375 1262
1749627816172 611.0447998046875 1263
1749627831318 544.2920532226562 1264
1749627923717 616.109619140625 1265
1749627938574 500.9080810546875 1266
1749627953393 605.5033569335938 1267
1749627968898 533.6361083984375 1268
1749628057765 620.6517944335938 1269
1749628072336 629.5400390625 1270
1749628086892 545.2778930664062 1271
1749628101891 519.1846923828125 1272
1749628192290 572.51318359375 1273
1749628207400 499.1819763183594 1274
1749628222753 495.41015625 1275
1749628237043 515.819091796875 1276
1749628323771 581.4046630859375 1277
1749628338969 549.4421997070312 1278
1749628355534 609.39404296875 1279
1749628372453 510.9280090332031 1280
1749628463323 597.1610717773438 1281
1749628478244 645.9259033203125 1282
1749628492621 506.35577392578125 1283
1749628507917 632.7813720703125 1284
1749628596640 501.4000549316406 1285
1749628611522 552.8857421875 1286
1749628626656 538.3726806640625 1287
1749628641504 554.9791870117188 1288
1749628728895 515.85302734375 1289
1749628743592 595.2780151367188 1290
1749628759593 542.7592163085938 1291
1749628774410 630.2710571289062 1292
1749628863565 568.7650756835938 1293
1749628878433 541.6021728515625 1294
1749628893873 543.1400146484375 1295
1749628908528 533.12744140625 1296
1749628997882 517.6714477539062 1297
1749629011903 629.4845581054688 1298
1749629026485 589.7684326171875 1299
1749629041485 589.4028930664062 1300
1749629132301 659.4407958984375 1301
1749629147320 526.9189453125 1302
1749629162802 590.4139404296875 1303
1749629177485 498.0250244140625 1304
1749629244997 531.7706298828125 1305
1749629259316 599.9784545898438 1306
1749629272065 584.1610107421875 1307
1749629285017 574.3959350585938 1308
1749629342882 487.29168701171875 1309
1749629357767 542.8355102539062 1310
1749629373228 673.8945922851562 1311
1749629388229 534.8005981445312 1312
1749629469260 555.0076293945312 1313
1749629486693 584.578125 1314
1749629502409 590.10009765625 1315
1749629517533 569.236083984375 1316
1749629600659 509.80609130859375 1317
1749629617333 540.4368286132812 1318
1749629632024 586.4972534179688 1319
1749629646848 545.9013061523438 1320
1749629728681 658.181884765625 1321
1749629742510 457.38458251953125 1322
1749629755531 561.3941040039062 1323
1749629767247 562.3067626953125 1324
1749629799404 574.3744506835938 1325
1749629808431 557.0625 1326
1749629812978 556.865966796875 1327
1749630563041 506.97906494140625 1328
1749630578926 500.6316223144531 1329
1749630595487 568.7682495117188 1330
1749630610666 533.6848754882812 1331
1749630698383 645.9153442382812 1332
1749630713697 607.4130859375 1333
1749630730304 581.6343383789062 1334
1749630746783 504.1773986816406 1335
1749630833797 506.1009826660156 1336
1749630850940 595.4557495117188 1337
1749630866847 638.0593872070312 1338
1749630883772 636.4446411132812 1339
1749630964880 553.5045166015625 1340
1749630980055 587.2020263671875 1341
1749630996534 560.0556030273438 1342
1749631012169 476.9136962890625 1343
1749631100735 598.9784545898438 1344
1749631116272 530.1386108398438 1345
1749631132750 547.814453125 1346
1749631147610 596.8250732421875 1347
1749631235431 450.7569885253906 1348
1749631250252 633.3906860351562 1349
1749631266807 543.5159912109375 1350
1749631282635 578.8161010742188 1351
1749631369197 517.7235107421875 1352
1749631385406 585.8455200195312 1353
1749631401549 628.3340454101562 1354
1749631416775 539.5678100585938 1355
1749631505713 536.702880859375 1356
1749631521641 610.7643432617188 1357
1749631537986 528.0741577148438 1358
1749631554815 531.193359375 1359
1749631639248 517.6783447265625 1360
1749631656797 633.4945068359375 1361
1749631672049 520.1187133789062 1362
1749631688168 548.506591796875 1363
1749631769909 523.5349731445312 1364
1749631786329 628.2234497070312 1365
1749631801974 485.9473571777344 1366
1749631818064 627.6289672851562 1367
1749631901936 569.9329833984375 1368
1749631917809 557.7935791015625 1369
1749631935371 477.41778564453125 1370
1749631950756 528.51953125 1371
1749632034442 590.5526733398438 1372
1749632049795 509.57427978515625 1373
1749632066545 586.0696411132812 1374
1749632082007 555.3667602539062 1375
1749632166213 581.7327270507812 1376
1749632181560 532.7578125 1377
1749632198609 558.998779296875 1378
1749632213812 581.6473388671875 1379
1749632300509 543.5301513671875 1380
1749632316577 538.7254028320312 1381
1749632332871 512.3470458984375 1382
1749632348001 510.3088073730469 1383
1749632434532 546.0931396484375 1384
1749632450450 599.5250854492188 1385
1749632467756 627.1526489257812 1386
1749632483175 682.54736328125 1387
1749632568269 551.05859375 1388
1749632584122 546.0581665039062 1389
1749632598502 578.6945190429688 1390
1749632611537 521.42431640625 1391
1749632674031 550.5820922851562 1392
1749632695090 598.3978881835938 1393
1749632707794 524.6643676757812 1394
1749632720745 543.8735961914062 1395
1749632744110 514.7552490234375 1396
1749632804441 508.92779541015625 1397
1749632819741 542.6240844726562 1398
1749632834592 554.30908203125 1399
1749632854433 510.6863708496094 1400
1749632935045 652.2982177734375 1401
1749632949828 606.67431640625 1402
1749632965382 570.3250122070312 1403
1749632984896 549.62890625 1404
1749633060713 616.2546997070312 1405
1749633072334 549.7597045898438 1406
1749633081851 593.0772705078125 1407
1749633094613 538.9530639648438 1408
1749633147499 541.6142578125 1409
1749633151007 713.41552734375 1410
1749633908073 610.982666015625 1411
1749633923078 625.0947875976562 1412
1749633938311 496.4267272949219 1413
1749633953797 527.0482788085938 1414
1749634038304 548.0396728515625 1415
1749634053515 578.9702758789062 1416
1749634067332 577.7850341796875 1417
1749634082095 589.9136962890625 1418
1749634172494 522.7135620117188 1419
1749634187300 445.9857177734375 1420
1749634201776 564.6685180664062 1421
1749634216954 577.5786743164062 1422
1749634306809 571.1031494140625 1423
1749634321796 549.889404296875 1424
1749634336540 596.993896484375 1425
1749634351305 549.4109497070312 1426
1749634438225 609.7572021484375 1427
1749634453019 514.2224731445312 1428
1749634467953 601.9752197265625 1429
1749634482773 604.0037841796875 1430
1749634572513 543.0469970703125 1431
1749634586617 533.8314208984375 1432
1749634601049 500.32330322265625 1433
1749634616585 680.8429565429688 1434
1749634706627 519.4617919921875 1435
1749634721688 641.5358276367188 1436
1749634736414 569.5162963867188 1437
1749634751797 515.5907592773438 1438
1749634840560 595.5205688476562 1439
1749634856056 611.7978515625 1440
1749634871285 555.8587036132812 1441
1749634885952 743.8008422851562 1442
1749634978591 683.412109375 1443
1749634993210 771.9851684570312 1444
1749635007791 586.56005859375 1445
1749635022689 649.9641723632812 1446
1749635111515 677.754638671875 1447
1749635126344 616.3157958984375 1448
1749635141557 524.601318359375 1449
1749635156535 1025.648681640625 1450
1749635246524 2052.694580078125 1451
1749635261229 3000.414306640625 1452
1749635276208 3391.324951171875 1453
1749635291277 3503.031005859375 1454
1749635379620 3446.201904296875 1455
1749635394424 3526.398681640625 1456
1749635409961 3392.419921875 1457
1749635426046 3516.54150390625 1458
1749635515208 3354.25439453125 1459
1749635530408 3159.202880859375 1460
1749635545496 3136.7802734375 1461
1749635560760 3092.6943359375 1462
1749635647892 2873.929931640625 1463
1749635663082 3239.93994140625 1464
1749635677586 3040.608154296875 1465
1749635693095 3044.753173828125 1466
1749635784322 2924.064208984375 1467
1749635799618 2909.388671875 1468
1749635814962 2713.47021484375 1469
1749635830697 2833.2978515625 1470
1749635918000 2726.570556640625 1471
1749635932766 2460.924560546875 1472
1749635947041 2799.80517578125 1473
1749635960349 2454.403564453125 1474
1749636036448 2369.95556640625 1475
1749636049974 2011.822998046875 1476
1749636063703 1654.180419921875 1477
1749636078819 1589.734130859375 1478
1749636144901 2259.68798828125 1479
1749636160004 1961.4942626953125 1480
1749636174740 1154.286865234375 1481
1749636190431 1166.3436279296875 1482
1749636275032 1154.6788330078125 1483
1749636289921 843.0831298828125 1484
1749636305719 961.51513671875 1485
1749636321365 964.4891357421875 1486
1749636402226 947.5819091796875 1487
1749636415987 979.5633544921875 1488
1749636429873 924.1239013671875 1489
1749636444413 844.7107543945312 1490
1749636491115 801.4179077148438 1491
1749636499863 904.0380249023438 1492
1749636503698 744.2317504882812 1493
1749637295625 702.0809326171875 1494
1749637316563 736.1507568359375 1495
1749637336998 807.9414672851562 1496
1749637356957 788.53857421875 1497
1749637442956 723.5010986328125 1498
1749637463547 654.8638916015625 1499
1749637485254 717.9105224609375 1500
1749637506293 705.0635986328125 1501
1749637585272 779.0482177734375 1502
1749637604929 715.2733764648438 1503
1749637626915 718.5386352539062 1504
1749637649605 783.6709594726562 1505
1749637726465 833.952880859375 1506
1749637746187 843.0443115234375 1507
1749637766505 629.5156860351562 1508
1749637787599 703.3017578125 1509
1749637867218 649.1812133789062 1510
1749637887945 573.14453125 1511
1749637909566 812.218017578125 1512
1749637929573 600.5054931640625 1513
1749638015368 690.59716796875 1514
1749638037493 725.3945922851562 1515
1749638058597 788.5892944335938 1516
1749638079192 586.40673828125 1517
1749638158933 738.991943359375 1518
1749638178905 588.2933959960938 1519
1749638195908 791.79443359375 1520
1749638213777 730.2648315429688 1521
1749638294685 739.2615356445312 1522
1749638313629 706.337890625 1523
1749638331349 666.3089599609375 1524
1749638349587 636.5970458984375 1525
1749638427105 705.3729248046875 1526
1749638447783 789.0029296875 1527
1749638465185 766.1637573242188 1528
1749638482135 696.7887573242188 1529
1749638562009 628.5060424804688 1530
1749638582147 791.6527709960938 1531
1749638599597 600.9684448242188 1532
1749638617456 615.5182495117188 1533
1749638692996 747.9957275390625 1534
1749638718673 770.45263671875 1535
1749638736910 743.807373046875 1536
1749638754824 640.8339233398438 1537
1749638823883 708.352783203125 1538
1749638854920 729.16845703125 1539
1749638873490 651.884765625 1540
1749638891253 711.2323608398438 1541
1749638959047 658.4094848632812 1542
1749638991953 778.4479370117188 1543
1749639009390 609.2738647460938 1544
1749639026376 679.7944946289062 1545
1749639091235 663.325439453125 1546
1749639125778 751.9217529296875 1547
1749639143872 628.886474609375 1548
1749639161294 666.8743896484375 1549
1749639222161 687.7921142578125 1550
1749639259755 665.121826171875 1551
1749639277208 821.3901977539062 1552
1749639294823 734.5392456054688 1553
1749639351804 611.9597778320312 1554
1749639387356 712.4031982421875 1555
1749639402857 710.7741088867188 1556
1749639416932 729.0291137695312 1557
1749639459664 705.8036499023438 1558
1749639483164 711.5065307617188 1559
1749639496747 598.70751953125 1560
1749639510701 634.0068969726562 1561
1749639536908 685.7908935546875 1562
1749639599311 602.5648803710938 1563
1749639614037 610.5579223632812 1564
1749639629373 638.9570922851562 1565
1749639667268 677.1607666015625 1566
1749639730948 667.9417724609375 1567
1749639745608 643.5751953125 1568
1749639762093 715.2678833007812 1569
1749639799688 632.3023681640625 1570
1749639854477 617.0140991210938 1571
1749639868328 669.2078857421875 1572
1749639884105 561.0475463867188 1573
1749639916289 722.9540405273438 1574
1749639940167 657.04833984375 1575
1749639946334 750.3919067382812 1576
1749640394996 637.13671875 1577
1749640407697 567.3319702148438 1578
1749640420557 597.2303466796875 1579
1749640433192 747.8944702148438 1580
1749640451717 716.864013671875 1581
1749640464301 632.7708740234375 1582
1749640476877 580.7556762695312 1583
1749640489570 648.92724609375 1584
1749640510557 754.4058837890625 1585
1749640523264 772.7316284179688 1586
1749640535829 693.00830078125 1587
1749640548776 569.9976806640625 1588
1749640563724 691.6175537109375 1589
1749640576373 588.7352294921875 1590
1749640589054 577.1505737304688 1591
1749640601556 636.7467651367188 1592
1749640632998 695.1259155273438 1593
1749640645776 777.9776611328125 1594
1749640658171 660.7946166992188 1595
1749640670725 657.9005737304688 1596
1749640696702 539.2605590820312 1597
1749640709485 630.6923217773438 1598
1749640721496 598.8733520507812 1599
1749640734024 651.9598388671875 1600
1749640756692 624.2838745117188 1601
1749640768360 617.4149169921875 1602
1749640776155 722.3160400390625 1603
1749640784360 671.972900390625 1604
1749640809876 638.5738525390625 1605
1749640822472 664.8406372070312 1606
1749640835287 587.4450073242188 1607
1749640851560 776.7371215820312 1608
1749640873754 643.5571899414062 1609
1749640886621 621.7619018554688 1610
1749640899139 617.296875 1611
1749640911795 665.7794189453125 1612
1749640939722 662.1170043945312 1613
1749640952549 622.8817138671875 1614
1749640965129 574.366455078125 1615
1749640977905 635.440673828125 1616
1749640993696 755.6266479492188 1617
1749641006244 631.114013671875 1618
1749641018948 675.8985595703125 1619
1749641036364 589.53857421875 1620
1749641050705 608.12841796875 1621
1749641063184 542.9512939453125 1622
1749641076070 625.9382934570312 1623
1749641097140 650.7949829101562 1624
1749641116083 605.4208374023438 1625
1749641129009 603.830810546875 1626
1749641141615 688.2222290039062 1627
1749641160394 647.5927734375 1628
1749641168732 699.5093994140625 1629
1749641176720 684.9176025390625 1630
1749641196507 658.8888549804688 1631
1749641233267 630.0411987304688 1632
1749641246048 763.0008544921875 1633
1749641253938 632.3722534179688 1634
1749641266652 548.4199829101562 1635
1749641297700 616.8795166015625 1636
1749641310253 622.6300659179688 1637
1749641322876 610.9992065429688 1638
1749641335875 640.2136840820312 1639
1749641357407 702.6392211914062 1640
1749641369996 645.1328735351562 1641
1749641382843 640.3057861328125 1642
1749641395375 617.7047119140625 1643
1749641419657 627.2431640625 1644
1749641432503 596.2789306640625 1645
1749641445120 691.6817626953125 1646
1749641454470 646.0302734375 1647
1749641493056 646.7200927734375 1648
1749641505676 597.5633544921875 1649
1749641518326 645.0283203125 1650
1749641530929 618.52880859375 1651
1749641555019 652.522705078125 1652
1749641562731 628.994873046875 1653
1749641570688 609.8905029296875 1654
1749641578441 615.2067260742188 1655
1749641604314 558.6929321289062 1656
1749641611525 600.24755859375 1657
1749641618929 635.9749755859375 1658
1749641622173 721.5409545898438 1659
