1748950036520 0.0 0
1748950048985 0.0 1
1748950061561 0.0 2
1748950072084 0.0 3
1748950109553 0.0 4
1748950122061 0.0 5
1748950134603 0.0 6
1748950147249 0.0 7
1748950167282 0.0 8
1748950177387 0.0 9
1748950189936 0.0 10
1748950202382 0.0 11
1748950228188 0.0 12
1748950240918 0.0 13
1748950253442 0.0 14
1748950265817 0.0 15
1748950294784 0.0 16
1748950307129 0.0 17
1748950319387 0.0 18
1748950331967 0.0 19
1748950359636 0.0 20
1748950372217 0.0 21
1748950385055 0.0 22
1748950397580 0.0 23
1748950422218 0.0 24
1748950439495 0.0 25
1748950451973 0.0 26
1748950464532 0.0 27
1748950482133 0.0 28
1748950489979 0.0 29
1748950497888 0.0 30
1748950506087 0.0 31
1748950540328 0.0 32
1748950564732 0.0 33
1748950577640 0.0 34
1748950590226 0.0 35
1748950602802 0.0 36
1748950626078 0.0 37
1748950638754 0.0 38
1748950651271 0.0 39
1748950663992 0.0 40
1748950685886 0.0 41
1748950698258 0.0 42
1748950709452 0.0 43
1748950717353 0.0 44
1748950741553 0.0 45
1748950754351 0.0 46
1748950772813 0.0 47
1748950785009 0.0 48
1748950805523 0.0 49
1748950818298 0.0 50
1748950835175 0.0 51
1748950844676 0.0 52
1748950870142 0.0 53
1748950882747 0.0 54
1748950895477 0.0 55
1748950908145 0.0 56
1748950931194 0.0 57
1748950943813 0.0 58
1748950961174 0.0 59
1748950973781 0.0 60
1748950992697 0.0 61
1748951005515 0.0 62
1748951016745 0.0 63
1748951024836 0.0 64
1748951058151 0.0 65
1748951069688 0.0 66
1748951079055 0.0 67
1748951087156 0.0 68
1748951120847 0.0 69
1748951133367 0.0 70
1748951146314 0.0 71
1748951158876 0.0 72
1748951188647 0.0 73
1748951201545 0.0 74
1748951213956 0.0 75
1748951223274 0.0 76
1748951244711 0.0 77
1748951252190 0.0 78
1748951259473 0.0 79
1748951267015 0.0 80
1748951295475 0.0 81
1748951298751 0.0 82
1748951607956 0.0 82
1748951674024 1.0 83
1748951686626 1.0 84
1748951695875 1.0 85
1748951708382 1.0 86
1748951728611 1.0 87
1748951741458 1.0 88
1748951751881 1.0 89
1748951764581 1.0 90
1748951787526 1.0 91
1748951801092 1.0 92
1748951814338 1.0 93
1748951825507 1.0 94
1748951852697 1.0 95
1748951865525 1.0 96
1748951878002 1.0 97
1748951887985 1.0 98
1748951909437 1.0 99
1748951923931 1.0 100
1748951931728 1.0 101
1748951939739 1.0 102
1748951970529 1.0 103
1748951983608 1.0 104
1748951993155 1.0 105
1748952005857 1.0 106
1748952037543 1.0 107
1748952045410 1.0 108
1748952067318 1.0 109
1748952079932 1.0 110
1748952099830 1.0 111
1748952107669 1.0 112
1748952123404 1.0 113
1748952136265 1.0 114
1748952163382 1.0 115
1748952172903 1.0 116
1748952191787 1.0 117
1748952204285 1.0 118
1748952218578 1.0 119
1748952231352 1.0 120
1748952263763 1.0 121
1748952276210 1.0 122
1748952290242 1.0 123
1748952302803 1.0 124
1748952320324 1.0 125
1748952333316 1.0 126
1748952352362 1.0 127
1748952360251 1.0 128
1748952379977 1.0 129
1748952392461 1.0 130
1748952419285 1.0 131
1748952432140 1.0 132
1748952444547 1.0 133
1748952456826 1.0 134
1748952475012 1.0 135
1748952485455 1.0 136
1748952506703 1.0 137
1748952519263 1.0 138
1748952543729 1.0 139
1748952556289 1.0 140
1748952568402 1.0 141
1748952581086 1.0 142
1748952612987 1.0 143
1748952625845 1.0 144
1748952637071 1.0 145
1748952649724 1.0 146
1748952672616 1.0 147
1748952684072 1.0 148
1748952692080 1.0 149
1748952700766 1.0 150
1748952737444 1.0 151
1748952750197 1.0 152
1748952762958 1.0 153
1748952775564 1.0 154
1748952792124 1.0 155
1748952801710 1.0 156
1748952815280 1.0 157
1748952827656 1.0 158
1748952850127 1.0 159
1748952860012 1.0 160
1748952876861 1.0 161
1748952884737 1.0 162
1748952899357 1.0 163
1748952907486 1.0 164
1748952910736 1.0 165
1748953214397 1.0 165
1748953280760 2.0 166
1748953293407 2.0 167
1748953305890 2.0 168
1748953318733 2.0 169
1748953345656 2.0 170
1748953358126 2.0 171
1748953370906 2.0 172
1748953381307 2.0 173
1748953397920 2.0 174
1748953405735 2.0 175
1748953414189 2.0 176
1748953426646 2.0 177
1748953469823 2.0 178
1748953482532 2.0 179
1748953495038 2.0 180
1748953507876 2.0 181
1748953535330 2.0 182
1748953547613 2.0 183
1748953560041 2.0 184
1748953572739 2.0 185
1748953594052 2.0 186
1748953606653 2.0 187
1748953619585 2.0 188
1748953632125 2.0 189
1748953653562 2.0 190
1748953666169 2.0 191
1748953678697 2.0 192
1748953691333 2.0 193
1748953716413 2.0 194
1748953728961 2.0 195
1748953741530 2.0 196
1748953754349 2.0 197
1748953779338 2.0 198
1748953791884 2.0 199
1748953801866 2.0 200
1748953814294 2.0 201
1748953837326 2.0 202
1748953849893 2.0 203
1748953861548 2.0 204
1748953874063 2.0 205
1748953908442 2.0 206
1748953919905 2.0 207
1748953930109 2.0 208
1748953938177 2.0 209
1748953972369 2.0 210
1748953984792 2.0 211
1748953996561 2.0 212
1748954008548 2.0 213
1748954044246 2.0 214
1748954056960 2.0 215
1748954069452 2.0 216
1748954081990 2.0 217
1748954109325 2.0 218
1748954121910 2.0 219
1748954132963 2.0 220
1748954140930 2.0 221
1748954166374 2.0 222
1748954178861 2.0 223
1748954189378 2.0 224
1748954202018 2.0 225
1748954225475 2.0 226
1748954238046 2.0 227
1748954250659 2.0 228
1748954263267 2.0 229
1748954291082 2.0 230
1748954303619 2.0 231
1748954316078 2.0 232
1748954328636 2.0 233
1748954352195 2.0 234
1748954360938 2.0 235
1748954373842 2.0 236
1748954386456 2.0 237
1748954411764 2.0 238
1748954421444 2.0 239
1748954433173 2.0 240
1748954445892 2.0 241
1748954465188 2.0 242
1748954473151 2.0 243
1748954484082 2.0 244
1748954491573 2.0 245
1748954517097 2.0 246
1748954524371 2.0 247
1748954527579 2.0 248
1748954841494 2.0 248
1748954907545 3.0 249
1748954915350 3.0 250
1748954923056 3.0 251
1748954931061 3.0 252
1748954961152 3.0 253
1748954978761 3.0 254
1748954991557 3.0 255
1748955004155 3.0 256
1748955017753 3.0 257
1748955034340 3.0 258
1748955046884 3.0 259
1748955059515 3.0 260
1748955082497 3.0 261
1748955095290 3.0 262
1748955110593 3.0 263
1748955123203 3.0 264
1748955148612 3.0 265
1748955161140 3.0 266
1748955170309 3.0 267
1748955178266 3.0 268
1748955207770 3.0 269
1748955220633 3.0 270
1748955238034 3.0 271
1748955250425 3.0 272
1748955267307 3.0 273
1748955280152 3.0 274
1748955297544 3.0 275
1748955310064 3.0 276
1748955335486 3.0 277
1748955347905 3.0 278
1748955359398 3.0 279
1748955373869 3.0 280
1748955388382 3.0 281
1748955400962 3.0 282
1748955423071 3.0 283
1748955444332 3.0 284
1748955456921 3.0 285
1748955468692 3.0 286
1748955476787 3.0 287
1748955508000 3.0 288
1748955520210 3.0 289
1748955531056 3.0 290
1748955543313 3.0 291
1748955579522 3.0 292
1748955592038 3.0 293
1748955601657 3.0 294
1748955614517 3.0 295
1748955640075 3.0 296
1748955652600 3.0 297
1748955665431 3.0 298
1748955678012 3.0 299
1748955704883 3.0 300
1748955713644 3.0 301
1748955722490 3.0 302
1748955734902 3.0 303
1748955770602 3.0 304
1748955783183 3.0 305
1748955795769 3.0 306
1748955807100 3.0 307
1748955835339 3.0 308
1748955843125 3.0 309
1748955851329 3.0 310
1748955862560 3.0 311
1748955904377 3.0 312
1748955914571 3.0 313
1748955922453 3.0 314
1748955930264 3.0 315
1748955969268 3.0 316
1748955981254 3.0 317
1748955990089 3.0 318
1748955998109 3.0 319
1748956025312 3.0 320
1748956034931 3.0 321
1748956042778 3.0 322
1748956055503 3.0 323
1748956085231 3.0 324
1748956096840 3.0 325
1748956108665 3.0 326
1748956116416 3.0 327
1748956135341 3.0 328
1748956143688 3.0 329
1748956150968 3.0 330
1748956154147 3.0 331
1748956456564 3.0 331
1748956523581 4.0 332
1748956536148 4.0 333
1748956548730 4.0 334
1748956561550 4.0 335
1748956580281 4.0 336
1748956592963 4.0 337
1748956605540 4.0 338
1748956618366 4.0 339
1748956635994 4.0 340
1748956643884 4.0 341
1748956655254 4.0 342
1748956667160 4.0 343
1748956695755 4.0 344
1748956707594 4.0 345
1748956726776 4.0 346
1748956736163 4.0 347
1748956756933 4.0 348
1748956770671 4.0 349
1748956792284 4.0 350
1748956804430 4.0 351
1748956817002 4.0 352
1748956825459 4.0 353
1748956859243 4.0 354
1748956867117 4.0 355
1748956874925 4.0 356
1748956889355 4.0 357
1748956922438 4.0 358
1748956932923 4.0 359
1748956945331 4.0 360
1748956953123 4.0 361
1748956985259 4.0 362
1748956998134 4.0 363
1748957010650 4.0 364
1748957023157 4.0 365
1748957054784 4.0 366
1748957067259 4.0 367
1748957079878 4.0 368
1748957092865 4.0 369
1748957117177 4.0 370
1748957129649 4.0 371
1748957138506 4.0 372
1748957151091 4.0 373
1748957188927 4.0 374
1748957199177 4.0 375
1748957211716 4.0 376
1748957219596 4.0 377
1748957253048 4.0 378
1748957265518 4.0 379
1748957278048 4.0 380
1748957290741 4.0 381
1748957314933 4.0 382
1748957327374 4.0 383
1748957340116 4.0 384
1748957352787 4.0 385
1748957369549 4.0 386
1748957382348 4.0 387
1748957394903 4.0 388
1748957407626 4.0 389
1748957424573 4.0 390
1748957432312 4.0 391
1748957444833 4.0 392
1748957462483 4.0 393
1748957479724 4.0 394
1748957492311 4.0 395
1748957505180 4.0 396
1748957521476 4.0 397
1748957538162 4.0 398
1748957550921 4.0 399
1748957572003 4.0 400
1748957583146 4.0 401
1748957611476 4.0 402
1748957624122 4.0 403
1748957636654 4.0 404
1748957649479 4.0 405
1748957676579 4.0 406
1748957685835 4.0 407
1748957698482 4.0 408
1748957708623 4.0 409
1748957737658 4.0 410
1748957745097 4.0 411
1748957752813 4.0 412
1748957760103 4.0 413
1748957763336 4.0 414
1748958070667 4.0 414
1748958136976 5.0 415
1748958149633 5.0 416
1748958162178 5.0 417
1748958174570 5.0 418
1748958196399 5.0 419
1748958210933 5.0 420
1748958223729 5.0 421
1748958236248 5.0 422
1748958263338 5.0 423
1748958275939 5.0 424
1748958288576 5.0 425
1748958298571 5.0 426
1748958330198 5.0 427
1748958341773 5.0 428
1748958354193 5.0 429
1748958362980 5.0 430
1748958394155 5.0 431
1748958406693 5.0 432
1748958419623 5.0 433
1748958428780 5.0 434
1748958455930 5.0 435
1748958468388 5.0 436
1748958477356 5.0 437
1748958487480 5.0 438
1748958519619 5.0 439
1748958532343 5.0 440
1748958544869 5.0 441
1748958557110 5.0 442
1748958586231 5.0 443
1748958598934 5.0 444
1748958611611 5.0 445
1748958624488 5.0 446
1748958641296 5.0 447
1748958653963 5.0 448
1748958666942 5.0 449
1748958679258 5.0 450
1748958701692 5.0 451
1748958713898 5.0 452
1748958726419 5.0 453
1748958737120 5.0 454
1748958760189 5.0 455
1748958768163 5.0 456
1748958776087 5.0 457
1748958786355 5.0 458
1748958819210 5.0 459
1748958835504 5.0 460
1748958848300 5.0 461
1748958859855 5.0 462
1748958877594 5.0 463
1748958897442 5.0 464
1748958908507 5.0 465
1748958917478 5.0 466
1748958939545 5.0 467
1748958960047 5.0 468
1748958972560 5.0 469
1748958981434 5.0 470
1748959004382 5.0 471
1748959028716 5.0 472
1748959036799 5.0 473
1748959044655 5.0 474
1748959062621 5.0 475
1748959105161 5.0 476
1748959113016 5.0 477
1748959120921 5.0 478
1748959128921 5.0 479
1748959159394 5.0 480
1748959167573 5.0 481
1748959178576 5.0 482
1748959196675 5.0 483
1748959225706 5.0 484
1748959238318 5.0 485
1748959251140 5.0 486
1748959264161 5.0 487
1748959296713 5.0 488
1748959309326 5.0 489
1748959317406 5.0 490
1748959325974 5.0 491
1748959353432 5.0 492
1748959360876 5.0 493
1748959368270 5.0 494
1748959375817 5.0 495
1748959404263 5.0 496
1748959407487 5.0 497
1748959715034 5.0 497
1748959781563 6.0 498
1748959794418 6.0 499
1748959806941 6.0 500
1748959819375 6.0 501
1748959836860 6.0 502
1748959855910 6.0 503
1748959868487 6.0 504
1748959881419 6.0 505
1748959902991 6.0 506
1748959917684 6.0 507
1748959930263 6.0 508
1748959942832 6.0 509
1748959976652 6.0 510
1748959987780 6.0 511
1748959995672 6.0 512
1748960003525 6.0 513
1748960037497 6.0 514
1748960049960 6.0 515
1748960062572 6.0 516
1748960073911 6.0 517
1748960099304 6.0 518
1748960111740 6.0 519
1748960121868 6.0 520
1748960129765 6.0 521
1748960159437 6.0 522
1748960171979 6.0 523
1748960184516 6.0 524
1748960197121 6.0 525
1748960217330 6.0 526
1748960231446 6.0 527
1748960239416 6.0 528
1748960247829 6.0 529
1748960269039 6.0 530
1748960285199 6.0 531
1748960293164 6.0 532
1748960305851 6.0 533
1748960337130 6.0 534
1748960349805 6.0 535
1748960362370 6.0 536
1748960374984 6.0 537
1748960398072 6.0 538
1748960412055 6.0 539
1748960419842 6.0 540
1748960427622 6.0 541
1748960461291 6.0 542
1748960472993 6.0 543
1748960485770 6.0 544
1748960497715 6.0 545
1748960525797 6.0 546
1748960536587 6.0 547
1748960547923 6.0 548
1748960555589 6.0 549
1748960588650 6.0 550
1748960601204 6.0 551
1748960613828 6.0 552
1748960626565 6.0 553
1748960649441 6.0 554
1748960657396 6.0 555
1748960667105 6.0 556
1748960679463 6.0 557
1748960712659 6.0 558
1748960727605 6.0 559
1748960739963 6.0 560
1748960751697 6.0 561
1748960775466 6.0 562
1748960790026 6.0 563
1748960801198 6.0 564
1748960809179 6.0 565
1748960833336 6.0 566
1748960854920 6.0 567
1748960867301 6.0 568
1748960879936 6.0 569
1748960896410 6.0 570
1748960925607 6.0 571
1748960936891 6.0 572
1748960948165 6.0 573
1748960959977 6.0 574
1748960981590 6.0 575
1748960989382 6.0 576
1748960996952 6.0 577
1748961013090 6.0 578
1748961032385 6.0 579
1748961035529 6.0 580
1748961339292 6.0 580
1748961401776 7.0 581
1748961409631 7.0 582
1748961419085 7.0 583
1748961431788 7.0 584
1748961464861 7.0 585
1748961477404 7.0 586
1748961489945 7.0 587
1748961499358 7.0 588
1748961531759 7.0 589
1748961544273 7.0 590
1748961556974 7.0 591
1748961569472 7.0 592
1748961592781 7.0 593
1748961600805 7.0 594
1748961608590 7.0 595
1748961616632 7.0 596
1748961663587 7.0 597
1748961675097 7.0 598
1748961685370 7.0 599
1748961698163 7.0 600
1748961735414 7.0 601
1748961745917 7.0 602
1748961753793 7.0 603
1748961761533 7.0 604
1748961800677 7.0 605
1748961813122 7.0 606
1748961820796 7.0 607
1748961833365 7.0 608
1748961858572 7.0 609
1748961871081 7.0 610
1748961883157 7.0 611
1748961895276 7.0 612
1748961917780 7.0 613
1748961930421 7.0 614
1748961943436 7.0 615
1748961956039 7.0 616
1748961984983 7.0 617
1748961996332 7.0 618
1748962008273 7.0 619
1748962020936 7.0 620
1748962048102 7.0 621
1748962060667 7.0 622
1748962070880 7.0 623
1748962083680 7.0 624
1748962101763 7.0 625
1748962109499 7.0 626
1748962117488 7.0 627
1748962130136 7.0 628
1748962159693 7.0 629
1748962167583 7.0 630
1748962180277 7.0 631
1748962189808 7.0 632
1748962225168 7.0 633
1748962235774 7.0 634
1748962243507 7.0 635
1748962253428 7.0 636
1748962294276 7.0 637
1748962304547 7.0 638
1748962317329 7.0 639
1748962329822 7.0 640
1748962362498 7.0 641
1748962370441 7.0 642
1748962378203 7.0 643
1748962385943 7.0 644
1748962417892 7.0 645
1748962428097 7.0 646
1748962435868 7.0 647
1748962443547 7.0 648
1748962482622 7.0 649
1748962490303 7.0 650
1748962499622 7.0 651
1748962512196 7.0 652
1748962547873 7.0 653
1748962560513 7.0 654
1748962570753 7.0 655
1748962578700 7.0 656
1748962598965 7.0 657
1748962606817 7.0 658
1748962614213 7.0 659
1748962621599 7.0 660
1748962650279 7.0 661
1748962657580 7.0 662
1748962660777 7.0 663
1748962969521 7.0 663
1748963035953 8.0 664
1748963045193 8.0 665
1748963057835 8.0 666
1748963070845 8.0 667
1748963102392 8.0 668
1748963114989 8.0 669
1748963127752 8.0 670
1748963140189 8.0 671
1748963174832 8.0 672
1748963187687 8.0 673
1748963197660 8.0 674
1748963207755 8.0 675
1748963239123 8.0 676
1748963247083 8.0 677
1748963254908 8.0 678
1748963263644 8.0 679
1748963306102 8.0 680
1748963314885 8.0 681
1748963325308 8.0 682
1748963337893 8.0 683
1748963366185 8.0 684
1748963378542 8.0 685
1748963388114 8.0 686
1748963397397 8.0 687
1748963431441 8.0 688
1748963440012 8.0 689
1748963448739 8.0 690
1748963460530 8.0 691
1748963489258 8.0 692
1748963498979 8.0 693
1748963511628 8.0 694
1748963524478 8.0 695
1748963548691 8.0 696
1748963556549 8.0 697
1748963566015 8.0 698
1748963578598 8.0 699
1748963613443 8.0 700
1748963624471 8.0 701
1748963637060 8.0 702
1748963649751 8.0 703
1748963672718 8.0 704
1748963685294 8.0 705
1748963697944 8.0 706
1748963710344 8.0 707
1748963735774 8.0 708
1748963743586 8.0 709
1748963752438 8.0 710
1748963760947 8.0 711
1748963806497 8.0 712
1748963819447 8.0 713
1748963832053 8.0 714
1748963844601 8.0 715
1748963869910 8.0 716
1748963877773 8.0 717
1748963890383 8.0 718
1748963901067 8.0 719
1748963941016 8.0 720
1748963950391 8.0 721
1748963958683 8.0 722
1748963970562 8.0 723
1748964000368 8.0 724
1748964013314 8.0 725
1748964025954 8.0 726
1748964038645 8.0 727
1748964055614 8.0 728
1748964067353 8.0 729
1748964075304 8.0 730
1748964084646 8.0 731
1748964110032 8.0 732
1748964118588 8.0 733
1748964131176 8.0 734
1748964139309 8.0 735
1748964176684 8.0 736
1748964186581 8.0 737
1748964199204 8.0 738
1748964211916 8.0 739
1748964240803 8.0 740
1748964248524 8.0 741
1748964256004 8.0 742
1748964263504 8.0 743
1748964291956 8.0 744
1748964299226 8.0 745
1748964302450 8.0 746
1748964613299 8.0 746
1748964679696 9.0 747
1748964691599 9.0 748
1748964699487 9.0 749
1748964707526 9.0 750
1748964738157 9.0 751
1748964750743 9.0 752
1748964763285 9.0 753
1748964776354 9.0 754
1748964799149 9.0 755
1748964811814 9.0 756
1748964824669 9.0 757
1748964836874 9.0 758
1748964854729 9.0 759
1748964866597 9.0 760
1748964874538 9.0 761
1748964883800 9.0 762
1748964912625 9.0 763
1748964933689 9.0 764
1748964946453 9.0 765
1748964959271 9.0 766
1748964971439 9.0 767
1748964998803 9.0 768
1748965011610 9.0 769
1748965021758 9.0 770
1748965031997 9.0 771
1748965063917 9.0 772
1748965071819 9.0 773
1748965079741 9.0 774
1748965092100 9.0 775
1748965136462 9.0 776
1748965145767 9.0 777
1748965155531 9.0 778
1748965164479 9.0 779
1748965199619 9.0 780
1748965212446 9.0 781
1748965225058 9.0 782
1748965237591 9.0 783
1748965265968 9.0 784
1748965275521 9.0 785
1748965288209 9.0 786
1748965299087 9.0 787
1748965336663 9.0 788
1748965347288 9.0 789
1748965359069 9.0 790
1748965370027 9.0 791
1748965396484 9.0 792
1748965409398 9.0 793
1748965422021 9.0 794
1748965430010 9.0 795
1748965457892 9.0 796
1748965468967 9.0 797
1748965481597 9.0 798
1748965490837 9.0 799
1748965526850 9.0 800
1748965537163 9.0 801
1748965548539 9.0 802
1748965558131 9.0 803
1748965594121 9.0 804
1748965606680 9.0 805
1748965619541 9.0 806
1748965630587 9.0 807
1748965652134 9.0 808
1748965664085 9.0 809
1748965676795 9.0 810
1748965689166 9.0 811
1748965719290 9.0 812
1748965731860 9.0 813
1748965739840 9.0 814
1748965748003 9.0 815
1748965775592 9.0 816
1748965785508 9.0 817
1748965796928 9.0 818
1748965809017 9.0 819
1748965840364 9.0 820
1748965852198 9.0 821
1748965861547 9.0 822
1748965871657 9.0 823
1748965900039 9.0 824
1748965907576 9.0 825
1748965915220 9.0 826
1748965922711 9.0 827
1748965951002 9.0 828
1748965954177 9.0 829
1748966255568 9.0 829
1748966321943 10.0 830
1748966329972 10.0 831
1748966342663 10.0 832
1748966355294 10.0 833
1748966388118 10.0 834
1748966400639 10.0 835
1748966411988 10.0 836
1748966419970 10.0 837
1748966452036 10.0 838
1748966464753 10.0 839
1748966474769 10.0 840
1748966482659 10.0 841
1748966508898 10.0 842
1748966518426 10.0 843
1748966531145 10.0 844
1748966542793 10.0 845
1748966575357 10.0 846
1748966583577 10.0 847
1748966595484 10.0 848
1748966608311 10.0 849
1748966642137 10.0 850
1748966653392 10.0 851
1748966661354 10.0 852
1748966674111 10.0 853
1748966712661 10.0 854
1748966725215 10.0 855
1748966737768 10.0 856
1748966750434 10.0 857
1748966768367 10.0 858
1748966779517 10.0 859
1748966791205 10.0 860
1748966803894 10.0 861
1748966822051 10.0 862
1748966830517 10.0 863
1748966846700 10.0 864
1748966859396 10.0 865
1748966884605 10.0 866
1748966903492 10.0 867
1748966916312 10.0 868
1748966927880 10.0 869
1748966946001 10.0 870
1748966963783 10.0 871
1748966976092 10.0 872
1748966988947 10.0 873
1748967014660 10.0 874
1748967030143 10.0 875
1748967043048 10.0 876
1748967054754 10.0 877
1748967075977 10.0 878
1748967083976 10.0 879
1748967098433 10.0 880
1748967108433 10.0 881
1748967149830 10.0 882
1748967162180 10.0 883
1748967174748 10.0 884
1748967183982 10.0 885
1748967217231 10.0 886
1748967229678 10.0 887
1748967242398 10.0 888
1748967254859 10.0 889
1748967283973 10.0 890
1748967291907 10.0 891
1748967299643 10.0 892
1748967307495 10.0 893
1748967347710 10.0 894
1748967360275 10.0 895
1748967369329 10.0 896
1748967382061 10.0 897
1748967402373 10.0 898
1748967410105 10.0 899
1748967418031 10.0 900
1748967425847 10.0 901
1748967477349 10.0 902
1748967489474 10.0 903
1748967497172 10.0 904
1748967504807 10.0 905
1748967525848 10.0 906
1748967533469 10.0 907
1748967540903 10.0 908
1748967548563 10.0 909
1748967577168 10.0 910
1748967584415 10.0 911
1748967587626 10.0 912
1748967888688 10.0 912
1748967954936 11.0 913
1748967967374 11.0 914
1748967979813 11.0 915
1748967992339 11.0 916
1748968013548 11.0 917
1748968021311 11.0 918
1748968029229 11.0 919
1748968036943 11.0 920
1748968079148 11.0 921
1748968095206 11.0 922
1748968107849 11.0 923
1748968120296 11.0 924
1748968138913 11.0 925
1748968154590 11.0 926
1748968167107 11.0 927
1748968176493 11.0 928
1748968198146 11.0 929
1748968218529 11.0 930
1748968230963 11.0 931
1748968243750 11.0 932
1748968256164 11.0 933
1748968284808 11.0 934
1748968292704 11.0 935
1748968301999 11.0 936
1748968314538 11.0 937
1748968345384 11.0 938
1748968357778 11.0 939
1748968370292 11.0 940
1748968382836 11.0 941
1748968398700 11.0 942
1748968410937 11.0 943
1748968423614 11.0 944
1748968441214 11.0 945
1748968462168 11.0 946
1748968474783 11.0 947
1748968487270 11.0 948
1748968500571 11.0 949
1748968525989 11.0 950
1748968538342 11.0 951
1748968550820 11.0 952
1748968563395 11.0 953
1748968590474 11.0 954
1748968602875 11.0 955
1748968615418 11.0 956
1748968627670 11.0 957
1748968652817 11.0 958
1748968665397 11.0 959
1748968677868 11.0 960
1748968690169 11.0 961
1748968715897 11.0 962
1748968728271 11.0 963
1748968740547 11.0 964
1748968753159 11.0 965
1748968782911 11.0 966
1748968795132 11.0 967
1748968802984 11.0 968
1748968810616 11.0 969
1748968842878 11.0 970
1748968855498 11.0 971
1748968867909 11.0 972
1748968880260 11.0 973
1748968899656 11.0 974
1748968912004 11.0 975
1748968924421 11.0 976
1748968937104 11.0 977
1748968958140 11.0 978
1748968970549 11.0 979
1748968982895 11.0 980
1748968995505 11.0 981
1748969011442 11.0 982
1748969024042 11.0 983
1748969036536 11.0 984
1748969048833 11.0 985
1748969075947 11.0 986
1748969088601 11.0 987
1748969100925 11.0 988
1748969111596 11.0 989
1748969128314 11.0 990
1748969135657 11.0 991
1748969142873 11.0 992
1748969150273 11.0 993
1748969177780 11.0 994
1748969180966 11.0 995
1748969480697 11.0 995
1748969545910 12.0 996
1748969558191 12.0 997
1748969570599 12.0 998
1748969583205 12.0 999
1748969603848 12.0 1000
1748969615766 12.0 1001
1748969628372 12.0 1002
1748969640746 12.0 1003
1748969663079 12.0 1004
1748969675734 12.0 1005
1748969688264 12.0 1006
1748969700343 12.0 1007
1748969718659 12.0 1008
1748969731547 12.0 1009
1748969741025 12.0 1010
1748969751875 12.0 1011
1748969775929 12.0 1012
1748969788383 12.0 1013
1748969801031 12.0 1014
1748969815785 12.0 1015
1748969844426 12.0 1016
1748969857284 12.0 1017
1748969865198 12.0 1018
1748969873909 12.0 1019
1748969901877 12.0 1020
1748969912759 12.0 1021
1748969921116 12.0 1022
1748969933749 12.0 1023
1748969970282 12.0 1024
1748969982883 12.0 1025
1748969991358 12.0 1026
1748969999222 12.0 1027
1748970034688 12.0 1028
1748970043403 12.0 1029
1748970051353 12.0 1030
1748970061796 12.0 1031
1748970101209 12.0 1032
1748970111379 12.0 1033
1748970119204 12.0 1034
1748970126920 12.0 1035
1748970157771 12.0 1036
1748970170311 12.0 1037
1748970182724 12.0 1038
1748970194647 12.0 1039
1748970217545 12.0 1040
1748970225227 12.0 1041
1748970233087 12.0 1042
1748970255635 12.0 1043
1748970282824 12.0 1044
1748970293527 12.0 1045
1748970302909 12.0 1046
1748970317256 12.0 1047
1748970348566 12.0 1048
1748970361201 12.0 1049
1748970373700 12.0 1050
1748970386541 12.0 1051
1748970408169 12.0 1052
1748970417490 12.0 1053
1748970425715 12.0 1054
1748970433445 12.0 1055
1748970477625 12.0 1056
1748970486069 12.0 1057
1748970498700 12.0 1058
1748970511419 12.0 1059
1748970545475 12.0 1060
1748970558007 12.0 1061
1748970567401 12.0 1062
1748970579237 12.0 1063
1748970604112 12.0 1064
1748970615550 12.0 1065
1748970626161 12.0 1066
1748970634142 12.0 1067
1748970675793 12.0 1068
1748970683687 12.0 1069
1748970695274 12.0 1070
1748970707675 12.0 1071
1748970735141 12.0 1072
1748970743171 12.0 1073
1748970750782 12.0 1074
1748970757995 12.0 1075
1748970785870 12.0 1076
1748970793009 12.0 1077
1748970796141 12.0 1078
1748971094271 12.0 1078
1748971160168 13.0 1079
1748971172773 13.0 1080
1748971185297 13.0 1081
1748971197858 13.0 1082
1748971223210 13.0 1083
1748971235819 13.0 1084
1748971248337 13.0 1085
1748971261098 13.0 1086
1748971283077 13.0 1087
1748971295634 13.0 1088
1748971308444 13.0 1089
1748971320850 13.0 1090
1748971342071 13.0 1091
1748971359764 13.0 1092
1748971369994 13.0 1093
1748971378425 13.0 1094
1748971395961 13.0 1095
1748971424725 13.0 1096
1748971437377 13.0 1097
1748971450182 13.0 1098
1748971461591 13.0 1099
1748971486661 13.0 1100
1748971499684 13.0 1101
1748971509232 13.0 1102
1748971521282 13.0 1103
1748971547906 13.0 1104
1748971557476 13.0 1105
1748971568010 13.0 1106
1748971577442 13.0 1107
1748971611459 13.0 1108
1748971619323 13.0 1109
1748971627259 13.0 1110
1748971634956 13.0 1111
1748971687430 13.0 1112
1748971695568 13.0 1113
1748971703432 13.0 1114
1748971716045 13.0 1115
1748971747438 13.0 1116
1748971758870 13.0 1117
1748971770025 13.0 1118
1748971781734 13.0 1119
1748971805215 13.0 1120
1748971814704 13.0 1121
1748971827467 13.0 1122
1748971836465 13.0 1123
1748971861872 13.0 1124
1748971874796 13.0 1125
1748971887392 13.0 1126
1748971899600 13.0 1127
1748971920151 13.0 1128
1748971932689 13.0 1129
1748971944337 13.0 1130
1748971963405 13.0 1131
1748971987142 13.0 1132
1748971999706 13.0 1133
1748972007654 13.0 1134
1748972022919 13.0 1135
1748972055000 13.0 1136
1748972062976 13.0 1137
1748972070856 13.0 1138
1748972083618 13.0 1139
1748972117976 13.0 1140
1748972130270 13.0 1141
1748972142862 13.0 1142
1748972155459 13.0 1143
1748972182370 13.0 1144
1748972194872 13.0 1145
1748972207754 13.0 1146
1748972215502 13.0 1147
1748972245373 13.0 1148
1748972257922 13.0 1149
1748972270592 13.0 1150
1748972282910 13.0 1151
1748972307711 13.0 1152
1748972317011 13.0 1153
1748972329524 13.0 1154
1748972338381 13.0 1155
1748972364578 13.0 1156
1748972371963 13.0 1157
1748972379544 13.0 1158
1748972386764 13.0 1159
1748972414551 13.0 1160
1748972417715 13.0 1161
1748972722434 13.0 1161
1748972787840 14.0 1162
1748972800072 14.0 1163
1748972812299 14.0 1164
1748972824691 14.0 1165
1748972848714 14.0 1166
1748972861031 14.0 1167
1748972873254 14.0 1168
1748972885872 14.0 1169
1748972912155 14.0 1170
1748972924582 14.0 1171
1748972937263 14.0 1172
1748972949546 14.0 1173
1748972961128 14.0 1174
1748972970393 14.0 1175
1748972982790 14.0 1176
1748972995053 14.0 1177
1748973025920 14.0 1178
1748973038250 14.0 1179
1748973050513 14.0 1180
1748973063249 14.0 1181
1748973086875 14.0 1182
1748973099275 14.0 1183
1748973111872 14.0 1184
1748973124248 14.0 1185
1748973151317 14.0 1186
1748973163803 14.0 1187
1748973176173 14.0 1188
1748973188544 14.0 1189
1748973213190 14.0 1190
1748973225505 14.0 1191
1748973237795 14.0 1192
1748973250488 14.0 1193
1748973275366 14.0 1194
1748973287786 14.0 1195
1748973300443 14.0 1196
1748973312593 14.0 1197
1748973339670 14.0 1198
1748973352340 14.0 1199
1748973364793 14.0 1200
1748973377167 14.0 1201
1748973401162 14.0 1202
1748973413469 14.0 1203
1748973425742 14.0 1204
1748973438422 14.0 1205
1748973459840 14.0 1206
1748973472277 14.0 1207
1748973484858 14.0 1208
1748973497368 14.0 1209
1748973523402 14.0 1210
1748973535917 14.0 1211
1748973548242 14.0 1212
1748973560695 14.0 1213
1748973582263 14.0 1214
1748973594479 14.0 1215
1748973606845 14.0 1216
1748973619362 14.0 1217
1748973646780 14.0 1218
1748973659120 14.0 1219
1748973671734 14.0 1220
1748973684040 14.0 1221
1748973710919 14.0 1222
1748973723294 14.0 1223
1748973733664 14.0 1224
1748973745987 14.0 1225
1748973769258 14.0 1226
1748973781762 14.0 1227
1748973792136 14.0 1228
1748973799749 14.0 1229
1748973826999 14.0 1230
1748973839406 14.0 1231
1748973851967 14.0 1232
1748973864397 14.0 1233
1748973885844 14.0 1234
1748973898252 14.0 1235
1748973910882 14.0 1236
1748973922310 14.0 1237
1748973944274 14.0 1238
1748973952063 14.0 1239
1748973960340 14.0 1240
1748973967523 14.0 1241
1748973994743 14.0 1242
1748974001926 14.0 1243
1748974005091 14.0 1244
1748974310420 14.0 1244
1748974375931 15.0 1245
1748974388167 15.0 1246
1748974400525 15.0 1247
1748974413047 15.0 1248
1748974438599 15.0 1249
1748974450920 15.0 1250
1748974463449 15.0 1251
1748974476123 15.0 1252
1748974497233 15.0 1253
1748974509857 15.0 1254
1748974522575 15.0 1255
1748974534910 15.0 1256
1748974551238 15.0 1257
1748974578875 15.0 1258
1748974587878 15.0 1259
1748974600490 15.0 1260
1748974613093 15.0 1261
1748974631467 15.0 1262
1748974644076 15.0 1263
1748974653387 15.0 1264
1748974669385 15.0 1265
1748974687005 15.0 1266
1748974702746 15.0 1267
1748974715331 15.0 1268
1748974734832 15.0 1269
1748974747683 15.0 1270
1748974763862 15.0 1271
1748974776467 15.0 1272
1748974799794 15.0 1273
1748974809024 15.0 1274
1748974823775 15.0 1275
1748974836347 15.0 1276
1748974869779 15.0 1277
1748974882272 15.0 1278
1748974895107 15.0 1279
1748974906064 15.0 1280
1748974930914 15.0 1281
1748974940326 15.0 1282
1748974952922 15.0 1283
1748974965554 15.0 1284
1748974991096 15.0 1285
1748975003788 15.0 1286
1748975016513 15.0 1287
1748975029426 15.0 1288
1748975061590 15.0 1289
1748975074359 15.0 1290
1748975087301 15.0 1291
1748975099751 15.0 1292
1748975117618 15.0 1293
1748975130463 15.0 1294
1748975143047 15.0 1295
1748975153862 15.0 1296
1748975186249 15.0 1297
1748975198825 15.0 1298
1748975211490 15.0 1299
1748975222566 15.0 1300
1748975251671 15.0 1301
1748975259458 15.0 1302
1748975267393 15.0 1303
1748975275745 15.0 1304
1748975304989 15.0 1305
1748975312835 15.0 1306
1748975320505 15.0 1307
1748975328420 15.0 1308
1748975364354 15.0 1309
1748975382481 15.0 1310
1748975394985 15.0 1311
1748975407848 15.0 1312
1748975415624 15.0 1313
1748975452636 15.0 1314
1748975465420 15.0 1315
1748975478037 15.0 1316
1748975487151 15.0 1317
1748975511222 15.0 1318
1748975523599 15.0 1319
1748975536231 15.0 1320
1748975545176 15.0 1321
1748975565308 15.0 1322
1748975572685 15.0 1323
1748975580081 15.0 1324
1748975596230 15.0 1325
1748975615430 15.0 1326
1748975618582 15.0 1327
1748975910237 15.0 1327
1748975975619 16.0 1328
1748975987817 16.0 1329
1748976000103 16.0 1330
1748976012272 16.0 1331
1748976036183 16.0 1332
1748976048397 16.0 1333
1748976061020 16.0 1334
1748976073301 16.0 1335
1748976100416 16.0 1336
1748976112872 16.0 1337
1748976125528 16.0 1338
1748976137871 16.0 1339
1748976163348 16.0 1340
1748976175827 16.0 1341
1748976188188 16.0 1342
1748976200407 16.0 1343
1748976222085 16.0 1344
1748976234364 16.0 1345
1748976246737 16.0 1346
1748976259258 16.0 1347
1748976285266 16.0 1348
1748976297620 16.0 1349
1748976310244 16.0 1350
1748976322695 16.0 1351
1748976353920 16.0 1352
1748976366350 16.0 1353
1748976378568 16.0 1354
1748976390858 16.0 1355
1748976407292 16.0 1356
1748976419695 16.0 1357
1748976432121 16.0 1358
1748976444640 16.0 1359
1748976475284 16.0 1360
1748976483202 16.0 1361
1748976495710 16.0 1362
1748976506882 16.0 1363
1748976539851 16.0 1364
1748976547709 16.0 1365
1748976559974 16.0 1366
1748976572275 16.0 1367
1748976593325 16.0 1368
1748976605801 16.0 1369
1748976618182 16.0 1370
1748976630780 16.0 1371
1748976648604 16.0 1372
1748976660803 16.0 1373
1748976673389 16.0 1374
1748976685798 16.0 1375
1748976710765 16.0 1376
1748976723304 16.0 1377
1748976735680 16.0 1378
1748976747871 16.0 1379
1748976778524 16.0 1380
1748976791143 16.0 1381
1748976803414 16.0 1382
1748976816059 16.0 1383
1748976840600 16.0 1384
1748976849699 16.0 1385
1748976862191 16.0 1386
1748976874620 16.0 1387
1748976896743 16.0 1388
1748976909121 16.0 1389
1748976921568 16.0 1390
1748976934003 16.0 1391
1748976955141 16.0 1392
1748976967780 16.0 1393
1748976980175 16.0 1394
1748976992718 16.0 1395
1748977013377 16.0 1396
1748977025899 16.0 1397
1748977038211 16.0 1398
1748977050839 16.0 1399
1748977076191 16.0 1400
1748977088517 16.0 1401
1748977101202 16.0 1402
1748977113538 16.0 1403
1748977131738 16.0 1404
1748977139318 16.0 1405
1748977146742 16.0 1406
1748977154017 16.0 1407
1748977180427 16.0 1408
1748977187555 16.0 1409
1748977190714 16.0 1410
1748977487814 16.0 1410
1748977553249 17.0 1411
1748977565515 17.0 1412
1748977577889 17.0 1413
1748977590117 17.0 1414
1748977613468 17.0 1415
1748977625807 17.0 1416
1748977638065 17.0 1417
1748977650499 17.0 1418
1748977670564 17.0 1419
1748977682846 17.0 1420
1748977695381 17.0 1421
1748977707651 17.0 1422
1748977732797 17.0 1423
1748977745415 17.0 1424
1748977757811 17.0 1425
1748977770061 17.0 1426
1748977791260 17.0 1427
1748977803522 17.0 1428
1748977815797 17.0 1429
1748977828361 17.0 1430
1748977849199 17.0 1431
1748977861551 17.0 1432
1748977874227 17.0 1433
1748977886531 17.0 1434
1748977902890 17.0 1435
1748977916792 17.0 1436
1748977937461 17.0 1437
1748977949636 17.0 1438
1748977962760 17.0 1439
1748977975182 17.0 1440
1748977995667 17.0 1441
1748978008275 17.0 1442
1748978020902 17.0 1443
1748978038721 17.0 1444
1748978054217 17.0 1445
1748978066389 17.0 1446
1748978079757 17.0 1447
1748978097047 17.0 1448
1748978114373 17.0 1449
1748978126674 17.0 1450
1748978144832 17.0 1451
1748978157241 17.0 1452
1748978172583 17.0 1453
1748978185195 17.0 1454
1748978207130 17.0 1455
1748978221626 17.0 1456
1748978234185 17.0 1457
1748978246380 17.0 1458
1748978268082 17.0 1459
1748978280494 17.0 1460
1748978294568 17.0 1461
1748978307005 17.0 1462
1748978330490 17.0 1463
1748978342888 17.0 1464
1748978355516 17.0 1465
1748978367703 17.0 1466
1748978387945 17.0 1467
1748978400223 17.0 1468
1748978417710 17.0 1469
1748978430281 17.0 1470
1748978445978 17.0 1471
1748978458238 17.0 1472
1748978488916 17.0 1473
1748978501202 17.0 1474
1748978513554 17.0 1475
1748978526100 17.0 1476
1748978553938 17.0 1477
1748978566311 17.0 1478
1748978579031 17.0 1479
1748978591416 17.0 1480
1748978614074 17.0 1481
1748978626781 17.0 1482
1748978639133 17.0 1483
1748978651479 17.0 1484
1748978676882 17.0 1485
1748978685669 17.0 1486
1748978693502 17.0 1487
1748978701286 17.0 1488
1748978731091 17.0 1489
1748978738408 17.0 1490
1748978745817 17.0 1491
1748978752976 17.0 1492
1748978756136 17.0 1493
1748979061318 17.0 1493
