1748950036520 4327.244140625 0
1748950048985 3833.034912109375 1
1748950061561 3801.00146484375 2
1748950072084 3884.201171875 3
1748950109553 3354.289794921875 4
1748950122061 3083.540771484375 5
1748950134603 2874.10888671875 6
1748950147249 3395.185791015625 7
1748950167282 3015.1689453125 8
1748950177387 2636.30517578125 9
1748950189936 2781.81005859375 10
1748950202382 2722.938720703125 11
1748950228188 3023.59375 12
1748950240918 2957.10009765625 13
1748950253442 2965.162841796875 14
1748950265817 2565.104736328125 15
1748950294784 2956.298583984375 16
1748950307129 2797.24658203125 17
1748950319387 2780.340087890625 18
1748950331967 2635.462646484375 19
1748950359636 2790.018798828125 20
1748950372217 2608.270263671875 21
1748950385055 2655.43798828125 22
1748950397580 2850.6865234375 23
1748950422218 2840.498779296875 24
1748950439495 2640.566162109375 25
1748950451973 2921.189453125 26
1748950464532 2906.742919921875 27
1748950482133 2676.56201171875 28
1748950489979 2802.956787109375 29
1748950497888 2730.932373046875 30
1748950506087 2681.30126953125 31
1748950540328 2823.19091796875 32
1748950564732 2842.67822265625 33
1748950577640 2685.436279296875 34
1748950590226 2778.23291015625 35
1748950602802 2582.661865234375 36
1748950626078 2875.942626953125 37
1748950638754 2727.176513671875 38
1748950651271 2759.2421875 39
1748950663992 2793.25146484375 40
1748950685886 2723.158203125 41
1748950698258 2663.23095703125 42
1748950709452 2764.369873046875 43
1748950717353 2623.556396484375 44
1748950741553 2688.196533203125 45
1748950754351 2856.96728515625 46
1748950772813 2889.060791015625 47
1748950785009 2538.283203125 48
1748950805523 2476.607666015625 49
1748950818298 2761.19482421875 50
1748950835175 2651.694580078125 51
1748950844676 2631.633056640625 52
1748950870142 2668.74755859375 53
1748950882747 2630.00048828125 54
1748950895477 2615.771728515625 55
1748950908145 2606.260498046875 56
1748950931194 2761.7861328125 57
1748950943813 2756.357177734375 58
1748950961174 2616.261962890625 59
1748950973781 2579.337158203125 60
1748950992697 2824.392333984375 61
1748951005515 2659.459716796875 62
1748951016745 2549.5146484375 63
1748951024836 2780.50537109375 64
1748951058151 2738.6982421875 65
1748951069688 2756.85595703125 66
1748951079055 2731.01611328125 67
1748951087156 2588.019775390625 68
1748951120847 2767.023193359375 69
1748951133367 2780.35986328125 70
1748951146314 2522.365966796875 71
1748951158876 2522.781982421875 72
1748951188647 2661.274658203125 73
1748951201545 2398.017333984375 74
1748951213956 2463.055419921875 75
1748951223274 2495.4306640625 76
1748951244711 2368.561279296875 77
1748951252190 2274.828369140625 78
1748951259473 2252.283935546875 79
1748951267015 2224.634765625 80
1748951295475 2873.506591796875 81
1748951298751 1940.1148681640625 82
1748951674024 2707.213134765625 83
1748951686626 1713.1705322265625 84
1748951695875 2826.90234375 85
1748951708382 1736.1343994140625 86
1748951728611 1983.10302734375 87
1748951741458 2134.855712890625 88
1748951751881 1545.072509765625 89
1748951764581 2239.201904296875 90
1748951787526 1480.4532470703125 91
1748951801092 1751.170654296875 92
1748951814338 1612.01318359375 93
1748951825507 1292.8017578125 94
1748951852697 1763.9600830078125 95
1748951865525 1097.4290771484375 96
1748951878002 1517.610107421875 97
1748951887985 1070.794677734375 98
1748951909437 1257.863525390625 99
1748951923931 862.8075561523438 100
1748951931728 1311.6629638671875 101
1748951939739 1076.0819091796875 102
1748951970529 1237.48291015625 103
1748951983608 959.8482055664062 104
1748951993155 1126.17724609375 105
1748952005857 968.0786743164062 106
1748952037543 1240.0186767578125 107
1748952045410 969.3287353515625 108
1748952067318 1078.9967041015625 109
1748952079932 894.2307739257812 110
1748952099830 851.4207153320312 111
1748952107669 1044.6982421875 112
1748952123404 1033.18701171875 113
1748952136265 1073.6875 114
1748952163382 837.8412475585938 115
1748952172903 866.7542724609375 116
1748952191787 1119.9254150390625 117
1748952204285 918.5050048828125 118
1748952218578 1028.373046875 119
1748952231352 977.017822265625 120
1748952263763 916.3699951171875 121
1748952276210 1005.4164428710938 122
1748952290242 845.395263671875 123
1748952302803 849.4861450195312 124
1748952320324 1080.337646484375 125
1748952333316 923.6727294921875 126
1748952352362 1026.278564453125 127
1748952360251 875.568359375 128
1748952379977 949.0599975585938 129
1748952392461 992.3211059570312 130
1748952419285 798.7559814453125 131
1748952432140 1109.6971435546875 132
1748952444547 858.541748046875 133
1748952456826 930.8648681640625 134
1748952475012 970.2417602539062 135
1748952485455 1046.464599609375 136
1748952506703 978.6975708007812 137
1748952519263 853.861572265625 138
1748952543729 954.1251831054688 139
1748952556289 956.3850708007812 140
1748952568402 1054.4495849609375 141
1748952581086 811.325439453125 142
1748952612987 993.7824096679688 143
1748952625845 880.9364624023438 144
1748952637071 781.9561157226562 145
1748952649724 909.6640014648438 146
1748952672616 1070.5823974609375 147
1748952684072 750.6657104492188 148
1748952692080 826.876953125 149
1748952700766 996.3914184570312 150
1748952737444 940.4097290039062 151
1748952750197 971.79638671875 152
1748952762958 885.9564208984375 153
1748952775564 803.6483764648438 154
1748952792124 892.6577758789062 155
1748952801710 857.2522583007812 156
1748952815280 1032.7630615234375 157
1748952827656 901.8662719726562 158
1748952850127 823.315185546875 159
1748952860012 1010.30126953125 160
1748952876861 926.0050048828125 161
1748952884737 1052.187744140625 162
1748952899357 958.7694702148438 163
1748952907486 831.0030517578125 164
1748952910736 773.9905395507812 165
1748953280760 921.9743041992188 166
1748953293407 864.4878540039062 167
1748953305890 986.3836059570312 168
1748953318733 958.9246215820312 169
1748953345656 905.4653930664062 170
1748953358126 1029.7081298828125 171
1748953370906 974.1952514648438 172
1748953381307 833.2853393554688 173
1748953397920 967.393310546875 174
1748953405735 934.1932373046875 175
1748953414189 872.671875 176
1748953426646 779.0908813476562 177
1748953469823 871.409912109375 178
1748953482532 785.7122802734375 179
1748953495038 826.1895141601562 180
1748953507876 901.8893432617188 181
1748953535330 833.8241577148438 182
1748953547613 895.5753173828125 183
1748953560041 1091.7027587890625 184
1748953572739 902.2994995117188 185
1748953594052 889.4739990234375 186
1748953606653 863.19482421875 187
1748953619585 915.1185913085938 188
1748953632125 856.5528564453125 189
1748953653562 831.9365234375 190
1748953666169 854.7763061523438 191
1748953678697 911.09912109375 192
1748953691333 854.573974609375 193
1748953716413 844.251953125 194
1748953728961 883.6444702148438 195
1748953741530 813.99267578125 196
1748953754349 786.401611328125 197
1748953779338 823.367431640625 198
1748953791884 788.5521240234375 199
1748953801866 770.3197631835938 200
1748953814294 803.945068359375 201
1748953837326 808.326416015625 202
1748953849893 855.6951293945312 203
1748953861548 852.23876953125 204
1748953874063 825.6539916992188 205
1748953908442 904.0650634765625 206
1748953919905 784.9261474609375 207
1748953930109 887.25537109375 208
1748953938177 931.2339477539062 209
1748953972369 721.50341796875 210
1748953984792 907.119384765625 211
1748953996561 893.6861572265625 212
1748954008548 862.9183959960938 213
1748954044246 868.005859375 214
1748954056960 780.3960571289062 215
1748954069452 922.3490600585938 216
1748954081990 981.1520385742188 217
1748954109325 836.4912719726562 218
1748954121910 879.7033081054688 219
1748954132963 933.6118774414062 220
1748954140930 865.479736328125 221
1748954166374 797.5203857421875 222
1748954178861 832.8623046875 223
1748954189378 875.347900390625 224
1748954202018 817.7391967773438 225
1748954225475 766.7408447265625 226
1748954238046 829.334228515625 227
1748954250659 857.0404052734375 228
1748954263267 929.640625 229
1748954291082 884.5851440429688 230
1748954303619 807.2513427734375 231
1748954316078 724.7264404296875 232
1748954328636 922.9845581054688 233
1748954352195 888.7752685546875 234
1748954360938 1025.82080078125 235
1748954373842 945.880615234375 236
1748954386456 870.4566040039062 237
1748954411764 823.0098266601562 238
1748954421444 813.1661376953125 239
1748954433173 995.1602783203125 240
1748954445892 868.8858032226562 241
1748954465188 842.06787109375 242
1748954473151 881.1620483398438 243
1748954484082 923.3099975585938 244
1748954491573 830.7659912109375 245
1748954517097 1184.45556640625 246
1748954524371 1103.0390625 247
1748954527579 1155.2291259765625 248
1748954907545 807.0823974609375 249
1748954915350 993.3960571289062 250
1748954923056 841.824951171875 251
1748954931061 921.1903686523438 252
1748954961152 926.834716796875 253
1748954978761 894.782470703125 254
1748954991557 894.2091674804688 255
1748955004155 789.4811401367188 256
1748955017753 957.0949096679688 257
1748955034340 857.1209106445312 258
1748955046884 943.34716796875 259
1748955059515 896.9467163085938 260
1748955082497 822.4517822265625 261
1748955095290 811.2081298828125 262
1748955110593 839.2488403320312 263
1748955123203 773.1126098632812 264
1748955148612 916.8626098632812 265
1748955161140 801.766357421875 266
1748955170309 663.0741577148438 267
1748955178266 812.5256958007812 268
1748955207770 736.67431640625 269
1748955220633 751.5345458984375 270
1748955238034 919.3690185546875 271
1748955250425 789.766357421875 272
1748955267307 660.191162109375 273
1748955280152 810.2042846679688 274
1748955297544 912.6072387695312 275
1748955310064 869.8525390625 276
1748955335486 879.6934204101562 277
1748955347905 828.4017944335938 278
1748955359398 882.1017456054688 279
1748955373869 776.2387084960938 280
1748955388382 769.4442749023438 281
1748955400962 765.358154296875 282
1748955423071 840.5164184570312 283
1748955444332 729.2296142578125 284
1748955456921 903.8966674804688 285
1748955468692 905.3480224609375 286
1748955476787 878.6728515625 287
1748955508000 867.0599365234375 288
1748955520210 645.155029296875 289
1748955531056 836.2017822265625 290
1748955543313 817.3441772460938 291
1748955579522 735.135986328125 292
1748955592038 727.2990112304688 293
1748955601657 856.5047607421875 294
1748955614517 709.1624755859375 295
1748955640075 735.59912109375 296
1748955652600 930.38134765625 297
1748955665431 874.1316528320312 298
1748955678012 754.6494750976562 299
1748955704883 1005.8347778320312 300
1748955713644 838.8245849609375 301
1748955722490 815.3157958984375 302
1748955734902 877.7764892578125 303
1748955770602 834.252197265625 304
1748955783183 920.5183715820312 305
1748955795769 813.7006225585938 306
1748955807100 733.9697875976562 307
1748955835339 793.796875 308
1748955843125 745.62255859375 309
1748955851329 731.7783203125 310
1748955862560 817.460205078125 311
1748955904377 749.9803466796875 312
1748955914571 815.8129272460938 313
1748955922453 819.789794921875 314
1748955930264 700.2310180664062 315
1748955969268 699.9287719726562 316
1748955981254 824.6875 317
1748955990089 766.9998168945312 318
1748955998109 831.5404663085938 319
1748956025312 868.9193115234375 320
1748956034931 704.405517578125 321
1748956042778 902.6769409179688 322
1748956055503 805.9282836914062 323
1748956085231 735.1637573242188 324
1748956096840 901.8652954101562 325
1748956108665 865.9035034179688 326
1748956116416 908.4329833984375 327
1748956135341 899.9700927734375 328
1748956143688 1203.857421875 329
1748956150968 986.8441772460938 330
1748956154147 765.5745849609375 331
1748956523581 1232.14501953125 332
1748956536148 993.5509033203125 333
1748956548730 1272.9427490234375 334
1748956561550 1037.8291015625 335
1748956580281 770.8027954101562 336
1748956592963 1584.8966064453125 337
1748956605540 1061.2291259765625 338
1748956618366 1793.7113037109375 339
1748956635994 1942.485107421875 340
1748956643884 1057.09326171875 341
1748956655254 805.88671875 342
1748956667160 1806.7977294921875 343
1748956695755 872.174560546875 344
1748956707594 1091.1854248046875 345
1748956726776 1495.73828125 346
1748956736163 1327.2696533203125 347
1748956756933 859.3239135742188 348
1748956770671 1191.014892578125 349
1748956792284 1199.2967529296875 350
1748956804430 1000.147216796875 351
1748956817002 1109.76708984375 352
1748956825459 1261.4749755859375 353
1748956859243 1088.476806640625 354
1748956867117 912.9082641601562 355
1748956874925 922.5957641601562 356
1748956889355 1437.447265625 357
1748956922438 871.5887451171875 358
1748956932923 872.1455688476562 359
1748956945331 1085.3145751953125 360
1748956953123 1172.0986328125 361
1748956985259 950.0538330078125 362
1748956998134 870.1502075195312 363
1748957010650 1254.4002685546875 364
1748957023157 805.6051635742188 365
1748957054784 820.0092163085938 366
1748957067259 964.8462524414062 367
1748957079878 861.3179321289062 368
1748957092865 857.2009887695312 369
1748957117177 724.9269409179688 370
1748957129649 825.7467041015625 371
1748957138506 902.5802001953125 372
1748957151091 834.30712890625 373
1748957188927 751.1066284179688 374
1748957199177 872.5078735351562 375
1748957211716 834.8455200195312 376
1748957219596 874.3994140625 377
1748957253048 756.5245971679688 378
1748957265518 766.1392822265625 379
1748957278048 798.2521362304688 380
1748957290741 853.8154296875 381
1748957314933 694.3924560546875 382
1748957327374 773.7315673828125 383
1748957340116 861.5087890625 384
1748957352787 858.45654296875 385
1748957369549 680.5020751953125 386
1748957382348 760.8092041015625 387
1748957394903 808.5508422851562 388
1748957407626 832.7122192382812 389
1748957424573 769.671142578125 390
1748957432312 838.19384765625 391
1748957444833 730.020751953125 392
1748957462483 795.2576293945312 393
1748957479724 793.311279296875 394
1748957492311 843.4743041992188 395
1748957505180 871.4352416992188 396
1748957521476 833.0498046875 397
1748957538162 929.2637939453125 398
1748957550921 814.4616088867188 399
1748957572003 798.4385375976562 400
1748957583146 785.142333984375 401
1748957611476 736.6265258789062 402
1748957624122 667.376708984375 403
1748957636654 826.0499267578125 404
1748957649479 787.9437866210938 405
1748957676579 775.8468627929688 406
1748957685835 832.2467651367188 407
1748957698482 726.2384033203125 408
1748957708623 838.287841796875 409
1748957737658 784.6264038085938 410
1748957745097 756.4814453125 411
1748957752813 785.1640014648438 412
1748957760103 739.2100219726562 413
1748957763336 819.2843627929688 414
1748958136976 777.6668090820312 415
1748958149633 828.494140625 416
1748958162178 751.0697021484375 417
1748958174570 715.58642578125 418
1748958196399 861.0249633789062 419
1748958210933 681.9622802734375 420
1748958223729 763.2743530273438 421
1748958236248 866.18603515625 422
1748958263338 853.7623291015625 423
1748958275939 679.5525512695312 424
1748958288576 797.0824584960938 425
1748958298571 728.5818481445312 426
1748958330198 635.769775390625 427
1748958341773 751.426025390625 428
1748958354193 797.9127807617188 429
1748958362980 934.6033325195312 430
1748958394155 748.3976440429688 431
1748958406693 740.420654296875 432
1748958419623 746.8112182617188 433
1748958428780 764.9223022460938 434
1748958455930 729.6131591796875 435
1748958468388 719.4674072265625 436
1748958477356 757.04443359375 437
1748958487480 770.4884033203125 438
1748958519619 692.919189453125 439
1748958532343 874.6559448242188 440
1748958544869 848.0250244140625 441
1748958557110 764.5594482421875 442
1748958586231 726.2399291992188 443
1748958598934 730.1019897460938 444
1748958611611 788.2945556640625 445
1748958624488 789.5582275390625 446
1748958641296 808.2545776367188 447
1748958653963 811.2283325195312 448
1748958666942 687.53076171875 449
1748958679258 912.2705688476562 450
1748958701692 849.0963134765625 451
1748958713898 687.4257202148438 452
1748958726419 794.7525634765625 453
1748958737120 650.7297973632812 454
1748958760189 833.13818359375 455
1748958768163 784.2567138671875 456
1748958776087 765.3575439453125 457
1748958786355 742.184814453125 458
1748958819210 802.9403076171875 459
1748958835504 759.4757080078125 460
1748958848300 789.619384765625 461
1748958859855 868.4442749023438 462
1748958877594 707.7158813476562 463
1748958897442 919.0239868164062 464
1748958908507 821.304931640625 465
1748958917478 698.6273803710938 466
1748958939545 771.2396240234375 467
1748958960047 869.9188232421875 468
1748958972560 812.9368896484375 469
1748958981434 726.0045166015625 470
1748959004382 789.3032836914062 471
1748959028716 894.6959228515625 472
1748959036799 706.5197143554688 473
1748959044655 860.5128173828125 474
1748959062621 709.6672973632812 475
1748959105161 794.6071166992188 476
1748959113016 829.8812866210938 477
1748959120921 745.1912231445312 478
1748959128921 761.8527221679688 479
1748959159394 808.0345458984375 480
1748959167573 792.049072265625 481
1748959178576 844.682861328125 482
1748959196675 705.5961303710938 483
1748959225706 834.2203369140625 484
1748959238318 758.730224609375 485
1748959251140 800.1397094726562 486
1748959264161 908.4895629882812 487
1748959296713 733.98974609375 488
1748959309326 866.5501098632812 489
1748959317406 709.9391479492188 490
1748959325974 801.3473510742188 491
1748959353432 924.1251220703125 492
1748959360876 794.7843627929688 493
1748959368270 759.8045043945312 494
1748959375817 808.52099609375 495
1748959404263 779.8906860351562 496
1748959407487 801.5555419921875 497
1748959781563 808.4887084960938 498
1748959794418 781.4415893554688 499
1748959806941 713.3964233398438 500
1748959819375 775.2467651367188 501
1748959836860 961.1082153320312 502
1748959855910 638.3063354492188 503
1748959868487 789.5579223632812 504
1748959881419 750.2954711914062 505
1748959902991 704.7573852539062 506
1748959917684 859.2760009765625 507
1748959930263 873.289306640625 508
1748959942832 902.4882202148438 509
1748959976652 731.6334838867188 510
1748959987780 634.3126831054688 511
1748959995672 748.5061645507812 512
1748960003525 844.4530639648438 513
1748960037497 833.2926635742188 514
1748960049960 738.5097045898438 515
1748960062572 798.7672729492188 516
1748960073911 783.4306640625 517
1748960099304 864.2085571289062 518
1748960111740 832.2293701171875 519
1748960121868 812.9784545898438 520
1748960129765 599.3375244140625 521
1748960159437 673.3016357421875 522
1748960171979 870.4659423828125 523
1748960184516 735.8317260742188 524
1748960197121 767.5258178710938 525
1748960217330 814.7199096679688 526
1748960231446 821.7936401367188 527
1748960239416 737.037353515625 528
1748960247829 782.6216430664062 529
1748960269039 774.34423828125 530
1748960285199 695.5530395507812 531
1748960293164 841.0995483398438 532
1748960305851 800.0135498046875 533
1748960337130 690.5254516601562 534
1748960349805 659.9909057617188 535
1748960362370 821.001708984375 536
1748960374984 695.76611328125 537
1748960398072 727.25048828125 538
1748960412055 751.8942260742188 539
1748960419842 863.2741088867188 540
1748960427622 811.9664916992188 541
1748960461291 724.118896484375 542
1748960472993 806.7501831054688 543
1748960485770 732.2754516601562 544
1748960497715 746.7653198242188 545
1748960525797 777.965576171875 546
1748960536587 773.260009765625 547
1748960547923 799.7474975585938 548
1748960555589 770.3303833007812 549
1748960588650 775.0018310546875 550
1748960601204 747.5413208007812 551
1748960613828 708.2376098632812 552
1748960626565 749.4376220703125 553
1748960649441 872.3276977539062 554
1748960657396 804.8881225585938 555
1748960667105 829.4190063476562 556
1748960679463 676.187255859375 557
1748960712659 789.8255004882812 558
1748960727605 790.9950561523438 559
1748960739963 731.864501953125 560
1748960751697 702.1019287109375 561
1748960775466 918.4882202148438 562
1748960790026 868.55078125 563
1748960801198 692.6775512695312 564
1748960809179 1000.9593505859375 565
1748960833336 815.2921142578125 566
1748960854920 769.91845703125 567
1748960867301 808.988525390625 568
1748960879936 738.3010864257812 569
1748960896410 774.0138549804688 570
1748960925607 672.8984985351562 571
1748960936891 826.010986328125 572
1748960948165 811.0377807617188 573
1748960959977 916.755126953125 574
1748960981590 671.4912109375 575
1748960989382 646.7647094726562 576
1748960996952 867.0040893554688 577
1748961013090 774.6726684570312 578
1748961032385 743.4253540039062 579
1748961035529 804.4244384765625 580
1748961401776 774.4225463867188 581
1748961409631 649.9756469726562 582
1748961419085 808.4812622070312 583
1748961431788 666.6707763671875 584
1748961464861 851.3970947265625 585
1748961477404 704.18701171875 586
1748961489945 817.8804931640625 587
1748961499358 688.8821411132812 588
1748961531759 815.6455688476562 589
1748961544273 871.0548706054688 590
1748961556974 773.6107788085938 591
1748961569472 815.704833984375 592
1748961592781 781.3743896484375 593
1748961600805 719.6708374023438 594
1748961608590 863.8001098632812 595
1748961616632 688.9784545898438 596
1748961663587 770.5805053710938 597
1748961675097 836.5689086914062 598
1748961685370 679.4105834960938 599
1748961698163 847.13232421875 600
1748961735414 905.3450317382812 601
1748961745917 753.733154296875 602
1748961753793 794.7236938476562 603
1748961761533 715.2178344726562 604
1748961800677 820.5057983398438 605
1748961813122 882.6329956054688 606
1748961820796 878.1061401367188 607
1748961833365 648.2898559570312 608
1748961858572 786.5850219726562 609
1748961871081 781.3675537109375 610
1748961883157 745.9981079101562 611
1748961895276 820.5482177734375 612
1748961917780 746.9876708984375 613
1748961930421 674.7178955078125 614
1748961943436 768.9694213867188 615
1748961956039 728.6098022460938 616
1748961984983 845.974365234375 617
1748961996332 762.7005615234375 618
1748962008273 587.5162963867188 619
1748962020936 702.3349609375 620
1748962048102 745.352294921875 621
1748962060667 758.2284545898438 622
1748962070880 806.9998168945312 623
1748962083680 720.2681884765625 624
1748962101763 634.7744750976562 625
1748962109499 757.2686157226562 626
1748962117488 821.8466186523438 627
1748962130136 765.8062744140625 628
1748962159693 787.0104370117188 629
1748962167583 848.520751953125 630
1748962180277 770.050537109375 631
1748962189808 883.9931030273438 632
1748962225168 635.1412353515625 633
1748962235774 820.4017333984375 634
1748962243507 742.3490600585938 635
1748962253428 758.2110595703125 636
1748962294276 777.9439086914062 637
1748962304547 800.3973388671875 638
1748962317329 809.82861328125 639
1748962329822 709.4441528320312 640
1748962362498 752.2188110351562 641
1748962370441 720.9100341796875 642
1748962378203 737.190673828125 643
1748962385943 682.112548828125 644
1748962417892 809.9979248046875 645
1748962428097 700.1182861328125 646
1748962435868 733.6470336914062 647
1748962443547 842.8936767578125 648
1748962482622 629.4642944335938 649
1748962490303 728.11083984375 650
1748962499622 607.2474975585938 651
1748962512196 680.1256713867188 652
1748962547873 793.9033813476562 653
1748962560513 795.4598999023438 654
1748962570753 782.8943481445312 655
1748962578700 682.1052856445312 656
1748962598965 733.0724487304688 657
1748962606817 756.4710693359375 658
1748962614213 743.6888427734375 659
1748962621599 787.4876098632812 660
1748962650279 830.3823852539062 661
1748962657580 699.9276123046875 662
1748962660777 770.431884765625 663
1748963035953 792.5219116210938 664
1748963045193 765.3933715820312 665
1748963057835 816.9015502929688 666
1748963070845 782.4911499023438 667
1748963102392 766.809326171875 668
1748963114989 796.9039916992188 669
1748963127752 931.940673828125 670
1748963140189 624.9631958007812 671
1748963174832 800.8423461914062 672
1748963187687 700.1061401367188 673
1748963197660 660.8759155273438 674
1748963207755 785.675048828125 675
1748963239123 791.8319091796875 676
1748963247083 760.84375 677
1748963254908 831.5087280273438 678
1748963263644 815.091796875 679
1748963306102 791.8915405273438 680
1748963314885 765.5440063476562 681
1748963325308 805.6611328125 682
1748963337893 661.5787963867188 683
1748963366185 704.4664916992188 684
1748963378542 662.489990234375 685
1748963388114 731.3839721679688 686
1748963397397 799.7776489257812 687
1748963431441 838.6589965820312 688
1748963440012 799.7394409179688 689
1748963448739 701.0529174804688 690
1748963460530 742.819580078125 691
1748963489258 901.4022827148438 692
1748963498979 729.4746704101562 693
1748963511628 731.8233642578125 694
1748963524478 758.040283203125 695
1748963548691 857.4166259765625 696
1748963556549 752.7925415039062 697
1748963566015 722.8450317382812 698
1748963578598 633.1747436523438 699
1748963613443 765.3030395507812 700
1748963624471 748.5941162109375 701
1748963637060 788.8069458007812 702
1748963649751 713.4742431640625 703
1748963672718 719.4156494140625 704
1748963685294 648.345458984375 705
1748963697944 835.1658325195312 706
1748963710344 853.3047485351562 707
1748963735774 640.2408447265625 708
1748963743586 729.6029052734375 709
1748963752438 771.469482421875 710
1748963760947 844.3611450195312 711
1748963806497 815.528076171875 712
1748963819447 746.5027465820312 713
1748963832053 740.75830078125 714
1748963844601 732.45068359375 715
1748963869910 701.3108520507812 716
1748963877773 716.1361694335938 717
1748963890383 784.52880859375 718
1748963901067 831.7999267578125 719
1748963941016 640.080078125 720
1748963950391 584.149169921875 721
1748963958683 742.2704467773438 722
1748963970562 655.419189453125 723
1748964000368 746.1370849609375 724
1748964013314 723.6443481445312 725
1748964025954 700.621337890625 726
1748964038645 773.2081909179688 727
1748964055614 752.4434814453125 728
1748964067353 752.2479248046875 729
1748964075304 841.3256225585938 730
1748964084646 719.1165161132812 731
1748964110032 637.8443603515625 732
1748964118588 764.5278930664062 733
1748964131176 747.81591796875 734
1748964139309 829.5751342773438 735
1748964176684 707.8739624023438 736
1748964186581 777.7236938476562 737
1748964199204 683.2494506835938 738
1748964211916 737.8526611328125 739
1748964240803 686.8869018554688 740
1748964248524 816.9130859375 741
1748964256004 842.7037963867188 742
1748964263504 600.1015625 743
1748964291956 611.8267211914062 744
1748964299226 668.5972900390625 745
1748964302450 683.4932250976562 746
1748964679696 755.5681762695312 747
1748964691599 717.9428100585938 748
1748964699487 839.3521728515625 749
1748964707526 710.864990234375 750
1748964738157 795.4732055664062 751
1748964750743 706.0704956054688 752
1748964763285 780.9161987304688 753
1748964776354 654.0767211914062 754
1748964799149 657.0977172851562 755
1748964811814 755.2186279296875 756
1748964824669 675.8217163085938 757
1748964836874 706.6328125 758
1748964854729 765.8755493164062 759
1748964866597 778.1196899414062 760
1748964874538 753.1322021484375 761
1748964883800 718.0348510742188 762
1748964912625 711.0499877929688 763
1748964933689 755.5599365234375 764
1748964946453 710.50927734375 765
1748964959271 744.9891967773438 766
1748964971439 656.5892333984375 767
1748964998803 694.8373413085938 768
1748965011610 714.3961791992188 769
1748965021758 725.8384399414062 770
1748965031997 784.5946044921875 771
1748965063917 715.598876953125 772
1748965071819 682.6790161132812 773
1748965079741 603.8097534179688 774
1748965092100 634.4660034179688 775
1748965136462 710.6539306640625 776
1748965145767 668.2115478515625 777
1748965155531 686.233642578125 778
1748965164479 751.996337890625 779
1748965199619 770.8461303710938 780
1748965212446 728.2958984375 781
1748965225058 693.8148193359375 782
1748965237591 790.959228515625 783
1748965265968 726.4718627929688 784
1748965275521 715.9415283203125 785
1748965288209 781.2423706054688 786
1748965299087 743.3441162109375 787
1748965336663 678.6219482421875 788
1748965347288 783.8226928710938 789
1748965359069 811.4324951171875 790
1748965370027 626.455078125 791
1748965396484 812.6781616210938 792
1748965409398 705.6412353515625 793
1748965422021 849.321533203125 794
1748965430010 1044.5343017578125 795
1748965457892 719.40185546875 796
1748965468967 683.2660522460938 797
1748965481597 963.527099609375 798
1748965490837 784.628662109375 799
1748965526850 713.0503540039062 800
1748965537163 809.1810913085938 801
1748965548539 861.2918090820312 802
1748965558131 714.8765869140625 803
1748965594121 876.6533203125 804
1748965606680 799.5978393554688 805
1748965619541 688.3703002929688 806
1748965630587 755.1974487304688 807
1748965652134 712.035400390625 808
1748965664085 696.5457763671875 809
1748965676795 630.4899291992188 810
1748965689166 697.939697265625 811
1748965719290 790.2650146484375 812
1748965731860 688.1375122070312 813
1748965739840 787.513916015625 814
1748965748003 727.8368530273438 815
1748965775592 707.3524169921875 816
1748965785508 692.2645263671875 817
1748965796928 713.704345703125 818
1748965809017 773.750732421875 819
1748965840364 807.0667724609375 820
1748965852198 832.5281982421875 821
1748965861547 877.2144165039062 822
1748965871657 867.486328125 823
1748965900039 645.7817993164062 824
1748965907576 755.1140747070312 825
1748965915220 634.7225952148438 826
1748965922711 760.975341796875 827
1748965951002 714.3098754882812 828
1748965954177 656.15185546875 829
1748966321943 800.0724487304688 830
1748966329972 636.4850463867188 831
1748966342663 850.4041748046875 832
1748966355294 842.7052001953125 833
1748966388118 791.0105590820312 834
1748966400639 716.780029296875 835
1748966411988 806.607177734375 836
1748966419970 660.4723510742188 837
1748966452036 819.6103515625 838
1748966464753 738.141357421875 839
1748966474769 749.6795043945312 840
1748966482659 728.6369018554688 841
1748966508898 703.3844604492188 842
1748966518426 702.6622314453125 843
1748966531145 721.8618774414062 844
1748966542793 632.4103393554688 845
1748966575357 732.2893676757812 846
1748966583577 722.8972778320312 847
1748966595484 681.59130859375 848
1748966608311 769.0415649414062 849
1748966642137 647.8518676757812 850
1748966653392 646.9381103515625 851
1748966661354 783.65673828125 852
1748966674111 727.4693603515625 853
1748966712661 591.7049560546875 854
1748966725215 656.7150268554688 855
1748966737768 716.0880126953125 856
1748966750434 751.7039794921875 857
1748966768367 713.6981201171875 858
1748966779517 671.929931640625 859
1748966791205 663.8948974609375 860
1748966803894 570.9751586914062 861
1748966822051 696.3639526367188 862
1748966830517 709.1426391601562 863
1748966846700 658.9347534179688 864
1748966859396 790.142822265625 865
1748966884605 772.9044189453125 866
1748966903492 649.1842651367188 867
1748966916312 678.2075805664062 868
1748966927880 661.299072265625 869
1748966946001 651.2900390625 870
1748966963783 661.6578369140625 871
1748966976092 683.7288818359375 872
1748966988947 829.8924560546875 873
1748967014660 745.6171875 874
1748967030143 709.4222412109375 875
1748967043048 813.2476196289062 876
1748967054754 720.408447265625 877
1748967075977 633.0357666015625 878
1748967083976 725.7841186523438 879
1748967098433 655.5571899414062 880
1748967108433 644.8886108398438 881
1748967149830 709.4915161132812 882
1748967162180 733.18212890625 883
1748967174748 624.9217529296875 884
1748967183982 660.6098022460938 885
1748967217231 660.3163452148438 886
1748967229678 842.13525390625 887
1748967242398 591.1541137695312 888
1748967254859 625.1319580078125 889
1748967283973 609.4592895507812 890
1748967291907 729.8904418945312 891
1748967299643 673.25537109375 892
1748967307495 721.9005126953125 893
1748967347710 703.1116333007812 894
1748967360275 781.415283203125 895
1748967369329 674.3920288085938 896
1748967382061 752.3048095703125 897
1748967402373 633.0750122070312 898
1748967410105 672.39453125 899
1748967418031 754.0545654296875 900
1748967425847 618.7911376953125 901
1748967477349 757.47119140625 902
1748967489474 896.4484252929688 903
1748967497172 686.5037841796875 904
1748967504807 713.4044189453125 905
1748967525848 689.5531616210938 906
1748967533469 666.3291625976562 907
1748967540903 803.7398071289062 908
1748967548563 734.5987548828125 909
1748967577168 719.4844970703125 910
1748967584415 756.25732421875 911
1748967587626 686.5801391601562 912
1748967954936 707.44189453125 913
1748967967374 711.985595703125 914
1748967979813 746.9278564453125 915
1748967992339 752.08935546875 916
1748968013548 723.719482421875 917
1748968021311 781.1124877929688 918
1748968029229 722.877685546875 919
1748968036943 612.5813598632812 920
1748968079148 638.7028198242188 921
1748968095206 579.7538452148438 922
1748968107849 721.048583984375 923
1748968120296 826.1142578125 924
1748968138913 726.3712158203125 925
1748968154590 737.650634765625 926
1748968167107 775.3743896484375 927
1748968176493 927.7542724609375 928
1748968198146 856.951416015625 929
1748968218529 706.0015869140625 930
1748968230963 723.7943725585938 931
1748968243750 689.197509765625 932
1748968256164 1007.548095703125 933
1748968284808 982.0180053710938 934
1748968292704 1137.9716796875 935
1748968301999 1846.1217041015625 936
1748968314538 1750.0233154296875 937
1748968345384 1112.7508544921875 938
1748968357778 736.9219970703125 939
1748968370292 942.4024047851562 940
1748968382836 929.6969604492188 941
1748968398700 998.5521850585938 942
1748968410937 748.453369140625 943
1748968423614 1964.9676513671875 944
1748968441214 1476.6748046875 945
1748968462168 893.502197265625 946
1748968474783 1105.939208984375 947
1748968487270 1126.3145751953125 948
1748968500571 853.6712036132812 949
1748968525989 1046.5185546875 950
1748968538342 1029.68017578125 951
1748968550820 1019.3836669921875 952
1748968563395 881.2028198242188 953
1748968590474 842.4964599609375 954
1748968602875 905.3143310546875 955
1748968615418 748.2496948242188 956
1748968627670 857.1148071289062 957
1748968652817 867.9999389648438 958
1748968665397 1035.77783203125 959
1748968677868 1012.4954833984375 960
1748968690169 838.8082275390625 961
1748968715897 750.9646606445312 962
1748968728271 885.0188598632812 963
1748968740547 781.8513793945312 964
1748968753159 939.1964111328125 965
1748968782911 717.181396484375 966
1748968795132 830.5536499023438 967
1748968802984 798.3465576171875 968
1748968810616 833.0344848632812 969
1748968842878 798.0548095703125 970
1748968855498 735.4093017578125 971
1748968867909 815.6781616210938 972
1748968880260 721.4168090820312 973
1748968899656 711.4590454101562 974
1748968912004 717.721435546875 975
1748968924421 705.7160034179688 976
1748968937104 752.47119140625 977
1748968958140 738.8472290039062 978
1748968970549 744.439208984375 979
1748968982895 646.1900634765625 980
1748968995505 797.9458618164062 981
1748969011442 700.919189453125 982
1748969024042 669.5256958007812 983
1748969036536 729.2730102539062 984
1748969048833 680.4237670898438 985
1748969075947 679.258544921875 986
1748969088601 712.9301147460938 987
1748969100925 753.5164794921875 988
1748969111596 653.8884887695312 989
1748969128314 680.4447631835938 990
1748969135657 771.9740600585938 991
1748969142873 645.82373046875 992
1748969150273 693.1673583984375 993
1748969177780 752.6307373046875 994
1748969180966 707.7998657226562 995
1748969545910 709.9367065429688 996
1748969558191 718.11669921875 997
1748969570599 714.0641479492188 998
1748969583205 732.8692626953125 999
1748969603848 760.8680419921875 1000
1748969615766 740.8973999023438 1001
1748969628372 717.5744018554688 1002
1748969640746 777.4124755859375 1003
1748969663079 623.3377685546875 1004
1748969675734 680.0242309570312 1005
1748969688264 660.304443359375 1006
1748969700343 579.4429321289062 1007
1748969718659 749.2763061523438 1008
1748969731547 732.8804931640625 1009
1748969741025 661.67138671875 1010
1748969751875 627.633544921875 1011
1748969775929 593.5650634765625 1012
1748969788383 765.66259765625 1013
1748969801031 639.2828369140625 1014
1748969815785 555.3784790039062 1015
1748969844426 830.4696044921875 1016
1748969857284 595.0320434570312 1017
1748969865198 684.5187377929688 1018
1748969873909 798.184326171875 1019
1748969901877 642.7930297851562 1020
1748969912759 711.0782470703125 1021
1748969921116 692.49658203125 1022
1748969933749 665.2197875976562 1023
1748969970282 714.7208251953125 1024
1748969982883 684.5947265625 1025
1748969991358 666.4457397460938 1026
1748969999222 564.5908813476562 1027
1748970034688 725.8477172851562 1028
1748970043403 580.685791015625 1029
1748970051353 701.5843505859375 1030
1748970061796 800.2044067382812 1031
1748970101209 729.7914428710938 1032
1748970111379 647.4839477539062 1033
1748970119204 617.9946899414062 1034
1748970126920 612.624267578125 1035
1748970157771 603.5755004882812 1036
1748970170311 754.2040405273438 1037
1748970182724 793.626220703125 1038
1748970194647 585.0671997070312 1039
1748970217545 536.033203125 1040
1748970225227 670.0964965820312 1041
1748970233087 698.472900390625 1042
1748970255635 655.279296875 1043
1748970282824 680.7317504882812 1044
1748970293527 666.51611328125 1045
1748970302909 696.1848754882812 1046
1748970317256 653.4385375976562 1047
1748970348566 708.6675415039062 1048
1748970361201 704.8412475585938 1049
1748970373700 694.1617431640625 1050
1748970386541 748.8502197265625 1051
1748970408169 595.1453247070312 1052
1748970417490 844.03564453125 1053
1748970425715 563.6301879882812 1054
1748970433445 595.8536376953125 1055
1748970477625 715.5849609375 1056
1748970486069 553.745849609375 1057
1748970498700 640.2953491210938 1058
1748970511419 788.3670043945312 1059
1748970545475 833.1076049804688 1060
1748970558007 660.0758666992188 1061
1748970567401 595.8474731445312 1062
1748970579237 732.762939453125 1063
1748970604112 655.521728515625 1064
1748970615550 618.5979614257812 1065
1748970626161 647.0676879882812 1066
1748970634142 718.0869140625 1067
1748970675793 683.7284545898438 1068
1748970683687 750.6354370117188 1069
1748970695274 604.794189453125 1070
1748970707675 605.2108154296875 1071
1748970735141 554.5264892578125 1072
1748970743171 644.1854858398438 1073
1748970750782 676.6566162109375 1074
1748970757995 618.4177856445312 1075
1748970785870 710.890380859375 1076
1748970793009 720.556396484375 1077
1748970796141 704.6144409179688 1078
1748971160168 639.5762329101562 1079
1748971172773 715.0711059570312 1080
1748971185297 668.4061279296875 1081
1748971197858 609.8909301757812 1082
1748971223210 607.448974609375 1083
1748971235819 693.1592407226562 1084
1748971248337 579.0457763671875 1085
1748971261098 590.4881591796875 1086
1748971283077 659.7655029296875 1087
1748971295634 826.0986328125 1088
1748971308444 681.6596069335938 1089
1748971320850 707.63330078125 1090
1748971342071 690.6372680664062 1091
1748971359764 559.1340942382812 1092
1748971369994 659.1913452148438 1093
1748971378425 658.2840576171875 1094
1748971395961 610.708984375 1095
1748971424725 526.9886474609375 1096
1748971437377 532.7611694335938 1097
1748971450182 688.529541015625 1098
1748971461591 617.7861328125 1099
1748971486661 669.3468627929688 1100
1748971499684 669.033203125 1101
1748971509232 659.0801391601562 1102
1748971521282 697.6304321289062 1103
1748971547906 664.6168823242188 1104
1748971557476 540.7180786132812 1105
1748971568010 627.9409790039062 1106
1748971577442 568.7920532226562 1107
1748971611459 554.5703125 1108
1748971619323 658.3220825195312 1109
1748971627259 676.4771118164062 1110
1748971634956 686.3440551757812 1111
1748971687430 584.1344604492188 1112
1748971695568 648.04541015625 1113
1748971703432 625.022705078125 1114
1748971716045 682.060791015625 1115
1748971747438 673.6625366210938 1116
1748971758870 610.8240966796875 1117
1748971770025 645.3841552734375 1118
1748971781734 680.55419921875 1119
1748971805215 736.6123046875 1120
1748971814704 548.1446533203125 1121
1748971827467 550.9256591796875 1122
1748971836465 756.3638916015625 1123
1748971861872 719.7844848632812 1124
1748971874796 689.8231811523438 1125
1748971887392 745.1774291992188 1126
1748971899600 760.1861572265625 1127
1748971920151 829.309326171875 1128
1748971932689 728.023193359375 1129
1748971944337 652.1918334960938 1130
1748971963405 641.6118774414062 1131
1748971987142 729.498291015625 1132
1748971999706 585.5726928710938 1133
1748972007654 747.8917236328125 1134
1748972022919 729.8558349609375 1135
1748972055000 726.6299438476562 1136
1748972062976 772.7617797851562 1137
1748972070856 585.1021118164062 1138
1748972083618 724.0633544921875 1139
1748972117976 700.3245239257812 1140
1748972130270 557.981689453125 1141
1748972142862 618.4595947265625 1142
1748972155459 700.3139038085938 1143
1748972182370 726.7671508789062 1144
1748972194872 682.3545532226562 1145
1748972207754 616.0087890625 1146
1748972215502 650.8989868164062 1147
1748972245373 677.8974609375 1148
1748972257922 668.8488159179688 1149
1748972270592 735.840087890625 1150
1748972282910 755.26171875 1151
1748972307711 662.9420166015625 1152
1748972317011 627.9537963867188 1153
1748972329524 674.9898071289062 1154
1748972338381 724.9298095703125 1155
1748972364578 533.9722900390625 1156
1748972371963 681.916015625 1157
1748972379544 713.4138793945312 1158
1748972386764 660.3497314453125 1159
1748972414551 600.9619750976562 1160
1748972417715 711.0938720703125 1161
1748972787840 750.3008422851562 1162
1748972800072 680.9555053710938 1163
1748972812299 587.3822021484375 1164
1748972824691 674.6283569335938 1165
1748972848714 594.6734008789062 1166
1748972861031 645.2620849609375 1167
1748972873254 738.4281616210938 1168
1748972885872 628.5702514648438 1169
1748972912155 628.4434204101562 1170
1748972924582 683.4637451171875 1171
1748972937263 643.5491333007812 1172
1748972949546 736.4990844726562 1173
1748972961128 551.4813232421875 1174
1748972970393 716.2711181640625 1175
1748972982790 670.8404541015625 1176
1748972995053 514.777587890625 1177
1748973025920 668.7741088867188 1178
1748973038250 818.0322265625 1179
1748973050513 644.86865234375 1180
1748973063249 674.1841430664062 1181
1748973086875 756.1044921875 1182
1748973099275 535.8756713867188 1183
1748973111872 715.6882934570312 1184
1748973124248 698.697021484375 1185
1748973151317 677.2042236328125 1186
1748973163803 763.0173950195312 1187
1748973176173 702.6633911132812 1188
1748973188544 495.5400695800781 1189
1748973213190 686.7727661132812 1190
1748973225505 635.1307373046875 1191
1748973237795 711.5514526367188 1192
1748973250488 571.04541015625 1193
1748973275366 689.7974243164062 1194
1748973287786 533.2179565429688 1195
1748973300443 763.19775390625 1196
1748973312593 627.7471923828125 1197
1748973339670 800.2088012695312 1198
1748973352340 668.2574462890625 1199
1748973364793 885.1074829101562 1200
1748973377167 631.6830444335938 1201
1748973401162 764.34912109375 1202
1748973413469 657.2918090820312 1203
1748973425742 632.9734497070312 1204
1748973438422 623.0130004882812 1205
1748973459840 815.4415283203125 1206
1748973472277 718.7239379882812 1207
1748973484858 661.5730590820312 1208
1748973497368 660.9559936523438 1209
1748973523402 601.7660522460938 1210
1748973535917 671.3135986328125 1211
1748973548242 669.154296875 1212
1748973560695 690.3563842773438 1213
1748973582263 697.9169311523438 1214
1748973594479 704.1778564453125 1215
1748973606845 594.2730102539062 1216
1748973619362 599.0755615234375 1217
1748973646780 567.0615844726562 1218
1748973659120 690.8899536132812 1219
1748973671734 728.1959228515625 1220
1748973684040 545.5127563476562 1221
1748973710919 582.5485229492188 1222
1748973723294 628.2896728515625 1223
1748973733664 668.6732177734375 1224
1748973745987 482.7340087890625 1225
1748973769258 664.7542114257812 1226
1748973781762 743.3917236328125 1227
1748973792136 716.1798706054688 1228
1748973799749 660.966064453125 1229
1748973826999 645.068115234375 1230
1748973839406 646.7064208984375 1231
1748973851967 702.6631469726562 1232
1748973864397 668.1223754882812 1233
1748973885844 672.1718139648438 1234
1748973898252 539.953369140625 1235
1748973910882 649.2783813476562 1236
1748973922310 591.148193359375 1237
1748973944274 728.9334106445312 1238
1748973952063 710.73828125 1239
1748973960340 544.1145629882812 1240
1748973967523 653.996826171875 1241
1748973994743 652.9855346679688 1242
1748974001926 644.4673461914062 1243
1748974005091 694.7467041015625 1244
1748974375931 768.5969848632812 1245
1748974388167 595.2699584960938 1246
1748974400525 673.6296997070312 1247
1748974413047 768.863037109375 1248
1748974438599 603.7907104492188 1249
1748974450920 633.2962036132812 1250
1748974463449 610.4921264648438 1251
1748974476123 625.4411010742188 1252
1748974497233 518.5712280273438 1253
1748974509857 569.75732421875 1254
1748974522575 696.760498046875 1255
1748974534910 727.9994506835938 1256
1748974551238 559.2382202148438 1257
1748974578875 644.012451171875 1258
1748974587878 703.3864135742188 1259
1748974600490 612.6998291015625 1260
1748974613093 750.296875 1261
1748974631467 630.5470581054688 1262
1748974644076 665.3782348632812 1263
1748974653387 670.2391357421875 1264
1748974669385 663.3726196289062 1265
1748974687005 727.1650390625 1266
1748974702746 668.656005859375 1267
1748974715331 692.6145629882812 1268
1748974734832 701.9022216796875 1269
1748974747683 550.309814453125 1270
1748974763862 677.043212890625 1271
1748974776467 610.9879760742188 1272
1748974799794 667.130126953125 1273
1748974809024 617.1704711914062 1274
1748974823775 711.181884765625 1275
1748974836347 601.2355346679688 1276
1748974869779 601.833984375 1277
1748974882272 663.3949584960938 1278
1748974895107 687.2374267578125 1279
1748974906064 680.7708129882812 1280
1748974930914 624.9871826171875 1281
1748974940326 667.9678955078125 1282
1748974952922 583.8120727539062 1283
1748974965554 593.565673828125 1284
1748974991096 621.6400146484375 1285
1748975003788 563.190673828125 1286
1748975016513 656.45751953125 1287
1748975029426 619.731689453125 1288
1748975061590 692.0006103515625 1289
1748975074359 733.9595336914062 1290
1748975087301 731.2523803710938 1291
1748975099751 662.33349609375 1292
1748975117618 708.3780517578125 1293
1748975130463 669.2423095703125 1294
1748975143047 622.9575805664062 1295
1748975153862 720.3812866210938 1296
1748975186249 711.5157470703125 1297
1748975198825 662.2386474609375 1298
1748975211490 723.4116821289062 1299
1748975222566 615.8378295898438 1300
1748975251671 699.5856323242188 1301
1748975259458 613.2273559570312 1302
1748975267393 645.8637084960938 1303
1748975275745 641.5496215820312 1304
1748975304989 518.8683471679688 1305
1748975312835 588.65966796875 1306
1748975320505 579.6806640625 1307
1748975328420 627.304931640625 1308
1748975364354 605.3995971679688 1309
1748975382481 757.8059692382812 1310
1748975394985 680.6988525390625 1311
1748975407848 551.2315063476562 1312
1748975415624 645.6284790039062 1313
1748975452636 664.6193237304688 1314
1748975465420 701.5457763671875 1315
1748975478037 707.557373046875 1316
1748975487151 696.3640747070312 1317
1748975511222 645.2819213867188 1318
1748975523599 628.3339233398438 1319
1748975536231 701.7862548828125 1320
1748975545176 615.9766235351562 1321
1748975565308 544.1236572265625 1322
1748975572685 570.3887329101562 1323
1748975580081 631.3373413085938 1324
1748975596230 647.351806640625 1325
1748975615430 698.7586669921875 1326
1748975618582 757.6705932617188 1327
1748975975619 741.6204223632812 1328
1748975987817 602.55419921875 1329
1748976000103 615.477783203125 1330
1748976012272 780.9236450195312 1331
1748976036183 655.1356811523438 1332
1748976048397 806.8718872070312 1333
1748976061020 540.9871826171875 1334
1748976073301 707.0437622070312 1335
1748976100416 634.4173583984375 1336
1748976112872 621.9915771484375 1337
1748976125528 719.8345336914062 1338
1748976137871 692.6210327148438 1339
1748976163348 650.41552734375 1340
1748976175827 653.65087890625 1341
1748976188188 698.2010498046875 1342
1748976200407 815.33740234375 1343
1748976222085 746.5780029296875 1344
1748976234364 695.2378540039062 1345
1748976246737 730.396240234375 1346
1748976259258 621.5013427734375 1347
1748976285266 577.3731079101562 1348
1748976297620 740.3560791015625 1349
1748976310244 675.703857421875 1350
1748976322695 702.3145141601562 1351
1748976353920 632.081787109375 1352
1748976366350 651.8822021484375 1353
1748976378568 588.54638671875 1354
1748976390858 617.0775756835938 1355
1748976407292 574.3861694335938 1356
1748976419695 704.3717651367188 1357
1748976432121 719.1361083984375 1358
1748976444640 608.9942016601562 1359
1748976475284 672.1747436523438 1360
1748976483202 637.7156372070312 1361
1748976495710 726.4951171875 1362
1748976506882 568.8887329101562 1363
1748976539851 665.898193359375 1364
1748976547709 559.3244018554688 1365
1748976559974 770.3578491210938 1366
1748976572275 657.0697631835938 1367
1748976593325 591.60400390625 1368
1748976605801 678.7572631835938 1369
1748976618182 643.7933349609375 1370
1748976630780 662.3560180664062 1371
1748976648604 651.0269775390625 1372
1748976660803 675.8079833984375 1373
1748976673389 625.1458740234375 1374
1748976685798 679.2533569335938 1375
1748976710765 581.362060546875 1376
1748976723304 672.2155151367188 1377
1748976735680 549.8436279296875 1378
1748976747871 627.16259765625 1379
1748976778524 748.7561645507812 1380
1748976791143 772.4026489257812 1381
1748976803414 615.0382690429688 1382
1748976816059 707.6016235351562 1383
1748976840600 711.6404418945312 1384
1748976849699 604.2417602539062 1385
1748976862191 591.56396484375 1386
1748976874620 663.39990234375 1387
1748976896743 663.6917724609375 1388
1748976909121 680.107666015625 1389
1748976921568 636.3267822265625 1390
1748976934003 773.47509765625 1391
1748976955141 735.275634765625 1392
1748976967780 657.890625 1393
1748976980175 658.38671875 1394
1748976992718 522.3304443359375 1395
1748977013377 568.4073486328125 1396
1748977025899 555.6761474609375 1397
1748977038211 683.33447265625 1398
1748977050839 702.1519165039062 1399
1748977076191 727.1683349609375 1400
1748977088517 602.0576782226562 1401
1748977101202 612.0120239257812 1402
1748977113538 599.690185546875 1403
1748977131738 715.7647705078125 1404
1748977139318 611.2672729492188 1405
1748977146742 600.4346923828125 1406
1748977154017 651.2678833007812 1407
1748977180427 588.5684814453125 1408
1748977187555 677.3926391601562 1409
1748977190714 755.5685424804688 1410
1748977553249 721.3076782226562 1411
1748977565515 605.0206298828125 1412
1748977577889 645.5252685546875 1413
1748977590117 646.898193359375 1414
1748977613468 640.30859375 1415
1748977625807 673.3616333007812 1416
1748977638065 603.868896484375 1417
1748977650499 617.0797119140625 1418
1748977670564 680.9269409179688 1419
1748977682846 735.4254150390625 1420
1748977695381 580.149658203125 1421
1748977707651 618.6380004882812 1422
1748977732797 705.7005615234375 1423
1748977745415 620.9602661132812 1424
1748977757811 646.4716796875 1425
1748977770061 638.505126953125 1426
1748977791260 573.309814453125 1427
1748977803522 677.0097045898438 1428
1748977815797 568.7533569335938 1429
1748977828361 560.9231567382812 1430
1748977849199 627.3232421875 1431
1748977861551 646.33544921875 1432
1748977874227 563.02197265625 1433
1748977886531 552.2642822265625 1434
1748977902890 641.651123046875 1435
1748977916792 710.4473876953125 1436
1748977937461 622.0196533203125 1437
1748977949636 710.8455200195312 1438
1748977962760 629.8090209960938 1439
1748977975182 592.1856079101562 1440
1748977995667 613.9168701171875 1441
1748978008275 588.5346069335938 1442
1748978020902 699.3943481445312 1443
1748978038721 643.0903930664062 1444
1748978054217 606.451904296875 1445
1748978066389 601.61279296875 1446
1748978079757 588.0829467773438 1447
1748978097047 601.8145751953125 1448
1748978114373 689.5728149414062 1449
1748978126674 553.7261962890625 1450
1748978144832 713.8771362304688 1451
1748978157241 640.2766723632812 1452
1748978172583 673.1345825195312 1453
1748978185195 642.0540161132812 1454
1748978207130 740.0172729492188 1455
1748978221626 749.097900390625 1456
1748978234185 635.7223510742188 1457
1748978246380 664.0172729492188 1458
1748978268082 788.1885986328125 1459
1748978280494 668.2638549804688 1460
1748978294568 630.6851196289062 1461
1748978307005 480.0645751953125 1462
1748978330490 704.2584228515625 1463
1748978342888 584.01123046875 1464
1748978355516 624.91455078125 1465
1748978367703 616.16943359375 1466
1748978387945 655.8814697265625 1467
1748978400223 674.7219848632812 1468
1748978417710 663.6033935546875 1469
1748978430281 670.0852661132812 1470
1748978445978 629.9603271484375 1471
1748978458238 679.0689697265625 1472
1748978488916 552.6555786132812 1473
1748978501202 638.0204467773438 1474
1748978513554 601.726806640625 1475
1748978526100 625.400634765625 1476
1748978553938 648.8297119140625 1477
1748978566311 631.989501953125 1478
1748978579031 741.2931518554688 1479
1748978591416 713.1646728515625 1480
1748978614074 680.9081420898438 1481
1748978626781 588.056640625 1482
1748978639133 585.5311279296875 1483
1748978651479 574.3592529296875 1484
1748978676882 698.7633666992188 1485
1748978685669 716.0623779296875 1486
1748978693502 702.4663696289062 1487
1748978701286 664.5179443359375 1488
1748978731091 606.624755859375 1489
1748978738408 605.2161254882812 1490
1748978745817 794.388427734375 1491
1748978752976 624.8493041992188 1492
1748978756136 468.3887023925781 1493
