1750624648148 0.0 0
1750624654493 0.0 1
1750624661243 0.0 2
1750624666199 0.0 3
1750624691020 0.0 4
1750624697838 0.0 5
1750624703847 0.0 6
1750624708817 0.0 7
1750624728893 0.0 8
1750624735648 0.0 9
1750624742403 0.0 10
1750624748861 0.0 11
1750624757531 0.0 12
1750624763875 0.0 13
1750624770365 0.0 14
1750624776796 0.0 15
1750624789169 0.0 16
1750624795558 0.0 17
1750624802043 0.0 18
1750624808416 0.0 19
1750624821782 0.0 20
1750624828148 0.0 21
1750624834667 0.0 22
1750624839575 0.0 23
1750624850724 0.0 24
1750624857069 0.0 25
1750624863536 0.0 26
1750624869930 0.0 27
1750624886228 0.0 28
1750624892734 0.0 29
1750624899205 0.0 30
1750624905664 0.0 31
1750624917308 0.0 32
1750624924132 0.0 33
1750624930916 0.0 34
1750624937623 0.0 35
1750624950668 0.0 36
1750624957826 0.0 37
1750624962341 0.0 38
1750624966739 0.0 39
1750624981685 0.0 40
1750624988459 0.0 41
1750624994401 0.0 42
1750625001556 0.0 43
1750625016282 0.0 44
1750625022375 0.0 45
1750625027391 0.0 46
1750625032840 0.0 47
1750625051246 0.0 48
1750625057666 0.0 49
1750625063267 0.0 50
1750625069573 0.0 51
1750625088373 0.0 52
1750625093534 0.0 53
1750625098864 0.0 54
1750625104966 0.0 55
1750625123821 0.0 56
1750625130140 0.0 57
1750625134978 0.0 58
1750625141406 0.0 59
1750625157813 0.0 60
1750625163100 0.0 61
1750625167191 0.0 62
1750625171747 0.0 63
1750625193567 0.0 64
1750625199974 0.0 65
1750625206331 0.0 66
1750625212842 0.0 67
1750625220796 0.0 68
1750625227313 0.0 69
1750625233787 0.0 70
1750625239795 0.0 71
1750625253000 0.0 72
1750625257111 0.0 73
1750625263254 0.0 74
1750625269573 0.0 75
1750625288717 0.0 76
1750625295459 0.0 77
1750625300677 0.0 78
1750625306053 0.0 79
1750625326113 0.0 80
1750625330826 0.0 81
1750625336662 0.0 82
1750625343210 0.0 83
1750625356288 0.0 84
1750625362872 0.0 85
1750625369402 0.0 86
1750625376037 0.0 87
1750625388140 0.0 88
1750625394832 0.0 89
1750625401784 0.0 90
1750625408232 0.0 91
1750625426939 0.0 92
1750625433250 0.0 93
1750625438831 0.0 94
1750625442957 0.0 95
1750625457306 0.0 96
1750625463770 0.0 97
1750625468356 0.0 98
1750625474912 0.0 99
1750625486228 0.0 100
1750625491365 0.0 101
1750625497871 0.0 102
1750625503974 0.0 103
1750625525417 0.0 104
1750625529565 0.0 105
1750625535562 0.0 106
1750625542042 0.0 107
1750625555967 0.0 108
1750625560048 0.0 109
1750625564485 0.0 110
1750625570369 0.0 111
1750625586973 0.0 112
1750625593414 0.0 113
1750625598987 0.0 114
1750625605463 0.0 115
1750625620398 0.0 116
1750625627472 0.0 117
1750625632415 0.0 118
1750625637510 0.0 119
1750625653576 0.0 120
1750625659861 0.0 121
1750625668796 0.0 122
1750625675175 0.0 123
1750625686712 0.0 124
1750625693317 0.0 125
1750625705422 0.0 126
1750625710801 0.0 127
1750625717966 0.0 128
1750625724751 0.0 129
1750625740642 0.0 130
1750625745778 0.0 131
1750625755804 0.0 132
1750625760691 0.0 133
1750625770909 0.0 134
1750625777359 0.0 135
1750625789335 0.0 136
1750625794871 0.0 137
1750625803723 0.0 138
1750625808169 0.0 139
1750625824681 0.0 140
1750625830510 0.0 141
1750625838378 0.0 142
1750625844050 0.0 143
1750625864062 0.0 144
1750625869768 0.0 145
1750625876627 0.0 146
1750625882941 0.0 147
1750625899908 0.0 148
1750625904453 0.0 149
1750625910751 0.0 150
1750625917698 0.0 151
1750625933104 0.0 152
1750625938279 0.0 153
1750625947207 0.0 154
1750625951957 0.0 155
1750625970201 0.0 156
1750625974729 0.0 157
1750625979479 0.0 158
1750625983968 0.0 159
1750625997299 0.0 160
1750626001554 0.0 161
1750626007278 0.0 162
1750626011433 0.0 163
1750626021279 0.0 164
1750626355387 0.0 164
1750626390713 1.0 165
1750626396109 1.0 166
1750626400651 1.0 167
1750626407614 1.0 168
1750626426521 1.0 169
1750626433522 1.0 170
1750626438298 1.0 171
1750626444640 1.0 172
1750626454949 1.0 173
1750626463990 1.0 174
1750626470298 1.0 175
1750626476709 1.0 176
1750626482905 1.0 177
1750626500372 1.0 178
1750626506870 1.0 179
1750626511716 1.0 180
1750626515808 1.0 181
1750626532246 1.0 182
1750626538690 1.0 183
1750626544789 1.0 184
1750626548875 1.0 185
1750626563324 1.0 186
1750626569871 1.0 187
1750626576245 1.0 188
1750626582756 1.0 189
1750626598777 1.0 190
1750626603553 1.0 191
1750626608461 1.0 192
1750626617206 1.0 193
1750626634482 1.0 194
1750626639248 1.0 195
1750626645892 1.0 196
1750626652088 1.0 197
1750626665513 1.0 198
1750626669640 1.0 199
1750626674529 1.0 200
1750626685373 1.0 201
1750626703494 1.0 202
1750626710062 1.0 203
1750626716415 1.0 204
1750626722826 1.0 205
1750626734281 1.0 206
1750626739601 1.0 207
1750626743711 1.0 208
1750626754306 1.0 209
1750626763514 1.0 210
1750626769974 1.0 211
1750626776510 1.0 212
1750626788526 1.0 213
1750626800108 1.0 214
1750626806477 1.0 215
1750626812957 1.0 216
1750626819154 1.0 217
1750626836409 1.0 218
1750626841237 1.0 219
1750626847338 1.0 220
1750626852918 1.0 221
1750626874263 1.0 222
1750626880257 1.0 223
1750626885529 1.0 224
1750626889907 1.0 225
1750626907422 1.0 226
1750626913282 1.0 227
1750626917983 1.0 228
1750626924444 1.0 229
1750626943199 1.0 230
1750626947593 1.0 231
1750626953232 1.0 232
1750626958580 1.0 233
1750626975903 1.0 234
1750626980436 1.0 235
1750626985199 1.0 236
1750626995045 1.0 237
1750627005982 1.0 238
1750627012113 1.0 239
1750627019104 1.0 240
1750627028852 1.0 241
1750627042406 1.0 242
1750627048749 1.0 243
1750627054331 1.0 244
1750627064804 1.0 245
1750627079102 1.0 246
1750627084752 1.0 247
1750627089299 1.0 248
1750627098503 1.0 249
1750627118833 1.0 250
1750627125022 1.0 251
1750627130736 1.0 252
1750627137066 1.0 253
1750627153539 1.0 254
1750627158128 1.0 255
1750627163550 1.0 256
1750627169971 1.0 257
1750627185297 1.0 258
1750627191013 1.0 259
1750627196614 1.0 260
1750627203190 1.0 261
1750627216499 1.0 262
1750627223383 1.0 263
1750627229897 1.0 264
1750627239247 1.0 265
1750627248033 1.0 266
1750627254599 1.0 267
1750627261099 1.0 268
1750627273603 1.0 269
1750627281801 1.0 270
1750627288322 1.0 271
1750627294031 1.0 272
1750627310813 1.0 273
1750627317251 1.0 274
1750627323716 1.0 275
1750627330549 1.0 276
1750627343510 1.0 277
1750627349864 1.0 278
1750627354552 1.0 279
1750627361025 1.0 280
1750627374273 1.0 281
1750627383816 1.0 282
1750627389837 1.0 283
1750627394500 1.0 284
1750627405525 1.0 285
1750627415817 1.0 286
1750627420994 1.0 287
1750627427389 1.0 288
1750627440612 1.0 289
1750627449239 1.0 290
1750627453344 1.0 291
1750627457470 1.0 292
1750627472213 1.0 293
1750627483391 1.0 294
1750627487520 1.0 295
1750627493999 1.0 296
1750627498353 1.0 297
1750627514747 1.0 298
1750627521227 1.0 299
1750627526952 1.0 300
1750627531472 1.0 301
1750627546380 1.0 302
1750627553217 1.0 303
1750627557368 1.0 304
1750627563584 1.0 305
1750627581089 1.0 306
1750627587500 1.0 307
1750627593918 1.0 308
1750627600335 1.0 309
1750627608937 1.0 310
1750627614125 1.0 311
1750627620568 1.0 312
1750627630112 1.0 313
1750627642417 1.0 314
1750627648876 1.0 315
1750627655710 1.0 316
1750627662826 1.0 317
1750627676388 1.0 318
1750627682793 1.0 319
1750627689264 1.0 320
1750627697458 1.0 321
1750627708615 1.0 322
1750627714980 1.0 323
1750627719817 1.0 324
1750627727411 1.0 325
1750627736717 1.0 326
1750627740508 1.0 327
1750627744293 1.0 328
1750627750312 1.0 329
1750628059381 1.0 329
1750628095183 2.0 330
1750628099327 2.0 331
1750628103455 2.0 332
1750628107549 2.0 333
1750628121621 2.0 334
1750628134247 2.0 335
1750628140834 2.0 336
1750628145280 2.0 337
1750628156686 2.0 338
1750628168078 2.0 339
1750628174296 2.0 340
1750628180214 2.0 341
1750628186981 2.0 342
1750628201549 2.0 343
1750628205767 2.0 344
1750628209808 2.0 345
1750628213878 2.0 346
1750628232091 2.0 347
1750628239117 2.0 348
1750628245619 2.0 349
1750628251796 2.0 350
1750628269852 2.0 351
1750628274329 2.0 352
1750628278475 2.0 353
1750628282579 2.0 354
1750628299198 2.0 355
1750628307284 2.0 356
1750628312483 2.0 357
1750628316611 2.0 358
1750628330269 2.0 359
1750628342385 2.0 360
1750628348922 2.0 361
1750628355370 2.0 362
1750628361940 2.0 363
1750628374871 2.0 364
1750628381342 2.0 365
1750628386943 2.0 366
1750628392540 2.0 367
1750628409230 2.0 368
1750628416128 2.0 369
1750628422672 2.0 370
1750628430239 2.0 371
1750628437609 2.0 372
1750628444026 2.0 373
1750628450459 2.0 374
1750628458928 2.0 375
1750628473971 2.0 376
1750628479187 2.0 377
1750628485640 2.0 378
1750628490805 2.0 379
1750628504803 2.0 380
1750628511290 2.0 381
1750628518233 2.0 382
1750628523977 2.0 383
1750628534028 2.0 384
1750628540415 2.0 385
1750628545127 2.0 386
1750628555969 2.0 387
1750628565602 2.0 388
1750628572032 2.0 389
1750628578403 2.0 390
1750628589075 2.0 391
1750628602379 2.0 392
1750628608921 2.0 393
1750628615295 2.0 394
1750628621719 2.0 395
1750628635819 2.0 396
1750628642235 2.0 397
1750628648574 2.0 398
1750628656136 2.0 399
1750628664821 2.0 400
1750628670344 2.0 401
1750628676820 2.0 402
1750628687121 2.0 403
1750628703218 2.0 404
1750628708323 2.0 405
1750628712975 2.0 406
1750628719495 2.0 407
1750628732563 2.0 408
1750628737395 2.0 409
1750628741530 2.0 410
1750628755409 2.0 411
1750628761834 2.0 412
1750628768372 2.0 413
1750628774787 2.0 414
1750628785380 2.0 415
1750628791785 2.0 416
1750628798272 2.0 417
1750628804630 2.0 418
1750628816669 2.0 419
1750628824626 2.0 420
1750628831101 2.0 421
1750628837878 2.0 422
1750628846265 2.0 423
1750628857401 2.0 424
1750628863864 2.0 425
1750628870314 2.0 426
1750628875100 2.0 427
1750628890323 2.0 428
1750628896748 2.0 429
1750628903175 2.0 430
1750628909619 2.0 431
1750628927593 2.0 432
1750628933202 2.0 433
1750628939609 2.0 434
1750628946078 2.0 435
1750628959585 2.0 436
1750628963726 2.0 437
1750628967783 2.0 438
1750628971844 2.0 439
1750628989160 2.0 440
1750628995548 2.0 441
1750629001925 2.0 442
1750629008368 2.0 443
1750629019720 2.0 444
1750629026471 2.0 445
1750629032168 2.0 446
1750629038593 2.0 447
1750629050053 2.0 448
1750629060446 2.0 449
1750629066828 2.0 450
1750629073314 2.0 451
1750629088493 2.0 452
1750629093655 2.0 453
1750629100043 2.0 454
1750629106394 2.0 455
1750629123374 2.0 456
1750629128083 2.0 457
1750629132531 2.0 458
1750629138833 2.0 459
1750629157521 2.0 460
1750629161873 2.0 461
1750629166188 2.0 462
1750629170355 2.0 463
1750629187357 2.0 464
1750629193495 2.0 465
1750629198014 2.0 466
1750629202071 2.0 467
1750629221010 2.0 468
1750629226994 2.0 469
1750629231143 2.0 470
1750629236680 2.0 471
1750629255022 2.0 472
1750629259701 2.0 473
1750629263809 2.0 474
1750629267855 2.0 475
1750629286961 2.0 476
1750629292766 2.0 477
1750629296851 2.0 478
1750629303344 2.0 479
1750629319922 2.0 480
1750629324309 2.0 481
1750629328515 2.0 482
1750629332682 2.0 483
1750629354057 2.0 484
1750629358283 2.0 485
1750629364676 2.0 486
1750629369242 2.0 487
1750629386061 2.0 488
1750629390288 2.0 489
1750629394158 2.0 490
1750629398042 2.0 491
1750629412242 2.0 492
1750629415984 2.0 493
1750629419404 2.0 494
1750629727853 2.0 494
1750629763072 3.0 495
1750629769813 3.0 496
1750629776436 3.0 497
1750629783209 3.0 498
1750629797720 3.0 499
1750629804467 3.0 500
1750629811308 3.0 501
1750629818101 3.0 502
1750629829942 3.0 503
1750629836366 3.0 504
1750629842982 3.0 505
1750629847402 3.0 506
1750629862424 3.0 507
1750629868805 3.0 508
1750629875255 3.0 509
1750629881646 3.0 510
1750629890075 3.0 511
1750629896829 3.0 512
1750629901916 3.0 513
1750629905922 3.0 514
1750629922442 3.0 515
1750629926724 3.0 516
1750629933997 3.0 517
1750629940464 3.0 518
1750629959891 3.0 519
1750629966260 3.0 520
1750629972769 3.0 521
1750629979242 3.0 522
1750629987928 3.0 523
1750629994340 3.0 524
1750629998448 3.0 525
1750630002578 3.0 526
1750630020736 3.0 527
1750630027208 3.0 528
1750630034139 3.0 529
1750630040588 3.0 530
1750630047597 3.0 531
1750630057435 3.0 532
1750630069545 3.0 533
1750630075947 3.0 534
1750630082490 3.0 535
1750630088969 3.0 536
1750630099403 3.0 537
1750630105779 3.0 538
1750630112202 3.0 539
1750630122147 3.0 540
1750630128487 3.0 541
1750630135382 3.0 542
1750630148003 3.0 543
1750630155379 3.0 544
1750630160747 3.0 545
1750630167093 3.0 546
1750630182115 3.0 547
1750630187732 3.0 548
1750630191813 3.0 549
1750630197016 3.0 550
1750630210990 3.0 551
1750630225238 3.0 552
1750630231347 3.0 553
1750630236238 3.0 554
1750630247319 3.0 555
1750630257928 3.0 556
1750630264339 3.0 557
1750630270822 3.0 558
1750630277691 3.0 559
1750630287661 3.0 560
1750630293785 3.0 561
1750630300224 3.0 562
1750630315848 3.0 563
1750630322322 3.0 564
1750630328908 3.0 565
1750630335471 3.0 566
1750630343139 3.0 567
1750630350608 3.0 568
1750630357434 3.0 569
1750630363922 3.0 570
1750630377608 3.0 571
1750630386929 3.0 572
1750630393379 3.0 573
1750630397739 3.0 574
1750630407074 3.0 575
1750630418306 3.0 576
1750630424739 3.0 577
1750630431211 3.0 578
1750630442980 3.0 579
1750630450648 3.0 580
1750630457078 3.0 581
1750630463194 3.0 582
1750630474196 3.0 583
1750630489235 3.0 584
1750630494069 3.0 585
1750630498418 3.0 586
1750630506861 3.0 587
1750630522197 3.0 588
1750630527296 3.0 589
1750630533764 3.0 590
1750630538902 3.0 591
1750630558501 3.0 592
1750630562733 3.0 593
1750630566906 3.0 594
1750630571459 3.0 595
1750630591405 3.0 596
1750630596154 3.0 597
1750630602504 3.0 598
1750630608797 3.0 599
1750630624593 3.0 600
1750630629768 3.0 601
1750630633943 3.0 602
1750630638765 3.0 603
1750630658865 3.0 604
1750630664873 3.0 605
1750630669773 3.0 606
1750630676184 3.0 607
1750630693566 3.0 608
1750630698654 3.0 609
1750630705059 3.0 610
1750630711423 3.0 611
1750630729346 3.0 612
1750630733410 3.0 613
1750630739811 3.0 614
1750630746232 3.0 615
1750630759920 3.0 616
1750630765979 3.0 617
1750630770677 3.0 618
1750630775817 3.0 619
1750630792965 3.0 620
1750630798152 3.0 621
1750630804945 3.0 622
1750630811280 3.0 623
1750630825650 3.0 624
1750630829804 3.0 625
1750630834614 3.0 626
1750630841075 3.0 627
1750630859674 3.0 628
1750630863743 3.0 629
1750630867995 3.0 630
1750630872275 3.0 631
1750630891002 3.0 632
1750630896293 3.0 633
1750630902736 3.0 634
1750630909576 3.0 635
1750630925451 3.0 636
1750630929492 3.0 637
1750630935916 3.0 638
1750630942299 3.0 639
1750630959657 3.0 640
1750630963809 3.0 641
1750630969138 3.0 642
1750630973292 3.0 643
1750630989910 3.0 644
1750630996419 3.0 645
1750631002796 3.0 646
1750631009301 3.0 647
1750631018844 3.0 648
1750631022901 3.0 649
1750631027078 3.0 650
1750631031181 3.0 651
1750631054384 3.0 652
1750631058588 3.0 653
1750631062735 3.0 654
1750631066662 3.0 655
1750631080688 3.0 656
1750631084418 3.0 657
1750631088167 3.0 658
1750631091543 3.0 659
1750631404060 3.0 659
1750631435893 4.0 660
1750631442297 4.0 661
1750631449077 4.0 662
1750631455342 4.0 663
1750631469786 4.0 664
1750631476234 4.0 665
1750631482668 4.0 666
1750631489106 4.0 667
1750631502946 4.0 668
1750631509385 4.0 669
1750631515724 4.0 670
1750631522134 4.0 671
1750631533811 4.0 672
1750631540266 4.0 673
1750631545296 4.0 674
1750631549293 4.0 675
1750631568392 4.0 676
1750631573863 4.0 677
1750631578665 4.0 678
1750631582856 4.0 679
1750631604224 4.0 680
1750631610655 4.0 681
1750631616649 4.0 682
1750631623087 4.0 683
1750631634895 4.0 684
1750631641233 4.0 685
1750631647235 4.0 686
1750631652942 4.0 687
1750631666648 4.0 688
1750631673033 4.0 689
1750631679537 4.0 690
1750631685988 4.0 691
1750631697068 4.0 692
1750631703510 4.0 693
1750631709946 4.0 694
1750631716432 4.0 695
1750631731692 4.0 696
1750631738109 4.0 697
1750631744487 4.0 698
1750631750910 4.0 699
1750631762258 4.0 700
1750631769137 4.0 701
1750631775663 4.0 702
1750631780197 4.0 703
1750631795517 4.0 704
1750631802091 4.0 705
1750631808567 4.0 706
1750631814999 4.0 707
1750631831510 4.0 708
1750631838108 4.0 709
1750631844473 4.0 710
1750631850963 4.0 711
1750631861674 4.0 712
1750631868225 4.0 713
1750631875091 4.0 714
1750631881627 4.0 715
1750631890098 4.0 716
1750631894936 4.0 717
1750631901345 4.0 718
1750631905929 4.0 719
1750631921178 4.0 720
1750631926169 4.0 721
1750631932460 4.0 722
1750631937536 4.0 723
1750631953876 4.0 724
1750631960311 4.0 725
1750631966765 4.0 726
1750631973095 4.0 727
1750631987791 4.0 728
1750631994250 4.0 729
1750632000661 4.0 730
1750632007227 4.0 731
1750632015830 4.0 732
1750632028919 4.0 733
1750632035193 4.0 734
1750632041766 4.0 735
1750632048168 4.0 736
1750632059733 4.0 737
1750632066128 4.0 738
1750632072667 4.0 739
1750632081126 4.0 740
1750632087110 4.0 741
1750632093442 4.0 742
1750632099912 4.0 743
1750632112890 4.0 744
1750632122491 4.0 745
1750632128941 4.0 746
1750632135455 4.0 747
1750632143380 4.0 748
1750632156809 4.0 749
1750632163188 4.0 750
1750632169610 4.0 751
1750632176578 4.0 752
1750632192105 4.0 753
1750632197657 4.0 754
1750632204009 4.0 755
1750632213281 4.0 756
1750632222949 4.0 757
1750632229345 4.0 758
1750632235721 4.0 759
1750632242068 4.0 760
1750632256895 4.0 761
1750632260986 4.0 762
1750632265012 4.0 763
1750632275136 4.0 764
1750632294083 4.0 765
1750632298126 4.0 766
1750632302188 4.0 767
1750632306540 4.0 768
1750632324492 4.0 769
1750632330859 4.0 770
1750632337346 4.0 771
1750632343377 4.0 772
1750632356125 4.0 773
1750632362700 4.0 774
1750632369054 4.0 775
1750632375581 4.0 776
1750632386731 4.0 777
1750632393113 4.0 778
1750632399577 4.0 779
1750632404396 4.0 780
1750632418933 4.0 781
1750632425348 4.0 782
1750632431744 4.0 783
1750632435867 4.0 784
1750632452834 4.0 785
1750632457735 4.0 786
1750632462922 4.0 787
1750632469778 4.0 788
1750632487182 4.0 789
1750632491686 4.0 790
1750632497698 4.0 791
1750632504957 4.0 792
1750632516269 4.0 793
1750632522668 4.0 794
1750632529472 4.0 795
1750632537318 4.0 796
1750632545927 4.0 797
1750632552354 4.0 798
1750632558704 4.0 799
1750632569785 4.0 800
1750632580584 4.0 801
1750632584819 4.0 802
1750632588875 4.0 803
1750632599355 4.0 804
1750632614088 4.0 805
1750632618169 4.0 806
1750632622224 4.0 807
1750632634935 4.0 808
1750632643480 4.0 809
1750632649207 4.0 810
1750632655511 4.0 811
1750632667890 4.0 812
1750632677186 4.0 813
1750632682938 4.0 814
1750632687022 4.0 815
1750632699010 4.0 816
1750632708340 4.0 817
1750632714805 4.0 818
1750632719413 4.0 819
1750632727940 4.0 820
1750632735478 4.0 821
1750632739591 4.0 822
1750632743379 4.0 823
1750632750815 4.0 824
1750633062340 4.0 824
1750633096470 5.0 825
1750633102734 5.0 826
1750633109160 5.0 827
1750633115407 5.0 828
1750633124062 5.0 829
1750633136668 5.0 830
1750633140817 5.0 831
1750633144896 5.0 832
1750633155203 5.0 833
1750633171140 5.0 834
1750633177875 5.0 835
1750633184332 5.0 836
1750633190768 5.0 837
1750633208031 5.0 838
1750633212057 5.0 839
1750633216124 5.0 840
1750633220900 5.0 841
1750633237062 5.0 842
1750633243591 5.0 843
1750633248620 5.0 844
1750633252640 5.0 845
1750633265352 5.0 846
1750633269425 5.0 847
1750633273786 5.0 848
1750633286743 5.0 849
1750633295609 5.0 850
1750633301985 5.0 851
1750633308487 5.0 852
1750633322068 5.0 853
1750633328267 5.0 854
1750633334650 5.0 855
1750633341098 5.0 856
1750633360409 5.0 857
1750633366844 5.0 858
1750633373182 5.0 859
1750633379632 5.0 860
1750633391038 5.0 861
1750633397930 5.0 862
1750633404344 5.0 863
1750633410853 5.0 864
1750633422001 5.0 865
1750633428459 5.0 866
1750633433884 5.0 867
1750633439040 5.0 868
1750633450310 5.0 869
1750633456661 5.0 870
1750633462672 5.0 871
1750633466974 5.0 872
1750633482032 5.0 873
1750633488436 5.0 874
1750633495450 5.0 875
1750633501786 5.0 876
1750633512892 5.0 877
1750633518093 5.0 878
1750633522122 5.0 879
1750633526226 5.0 880
1750633541122 5.0 881
1750633545868 5.0 882
1750633554119 5.0 883
1750633560326 5.0 884
1750633572352 5.0 885
1750633583406 5.0 886
1750633589865 5.0 887
1750633596533 5.0 888
1750633602820 5.0 889
1750633618436 5.0 890
1750633624871 5.0 891
1750633631314 5.0 892
1750633640590 5.0 893
1750633646963 5.0 894
1750633652968 5.0 895
1750633659428 5.0 896
1750633674406 5.0 897
1750633680758 5.0 898
1750633686027 5.0 899
1750633692470 5.0 900
1750633707595 5.0 901
1750633713231 5.0 902
1750633719587 5.0 903
1750633725938 5.0 904
1750633738859 5.0 905
1750633746976 5.0 906
1750633752535 5.0 907
1750633757382 5.0 908
1750633767305 5.0 909
1750633779701 5.0 910
1750633785803 5.0 911
1750633790012 5.0 912
1750633801047 5.0 913
1750633811386 5.0 914
1750633818114 5.0 915
1750633824579 5.0 916
1750633831574 5.0 917
1750633839769 5.0 918
1750633846154 5.0 919
1750633851540 5.0 920
1750633859822 5.0 921
1750633871216 5.0 922
1750633878924 5.0 923
1750633885269 5.0 924
1750633890721 5.0 925
1750633901538 5.0 926
1750633911197 5.0 927
1750633917948 5.0 928
1750633929094 5.0 929
1750633935424 5.0 930
1750633943819 5.0 931
1750633950196 5.0 932
1750633963428 5.0 933
1750633969714 5.0 934
1750633979093 5.0 935
1750633984103 5.0 936
1750633993951 5.0 937
1750634000058 5.0 938
1750634011090 5.0 939
1750634017513 5.0 940
1750634024272 5.0 941
1750634030629 5.0 942
1750634039323 5.0 943
1750634045756 5.0 944
1750634062235 5.0 945
1750634068588 5.0 946
1750634075101 5.0 947
1750634081487 5.0 948
1750634095837 5.0 949
1750634102246 5.0 950
1750634108674 5.0 951
1750634115158 5.0 952
1750634125474 5.0 953
1750634131985 5.0 954
1750634140391 5.0 955
1750634146672 5.0 956
1750634157719 5.0 957
1750634164140 5.0 958
1750634170982 5.0 959
1750634175161 5.0 960
1750634188233 5.0 961
1750634194707 5.0 962
1750634204540 5.0 963
1750634208810 5.0 964
1750634217655 5.0 965
1750634224008 5.0 966
1750634237591 5.0 967
1750634241972 5.0 968
1750634247334 5.0 969
1750634257804 5.0 970
1750634269464 5.0 971
1750634276060 5.0 972
1750634280236 5.0 973
1750634288214 5.0 974
1750634299431 5.0 975
1750634305704 5.0 976
1750634312704 5.0 977
1750634316836 5.0 978
1750634333405 5.0 979
1750634338592 5.0 980
1750634347580 5.0 981
1750634353847 5.0 982
1750634366565 5.0 983
1750634371250 5.0 984
1750634375584 5.0 985
1750634382816 5.0 986
1750634392944 5.0 987
1750634396711 5.0 988
1750634400114 5.0 989
1750634704895 5.0 989
1750634739169 6.0 990
1750634745574 6.0 991
1750634751894 6.0 992
1750634758239 6.0 993
1750634771573 6.0 994
1750634775989 6.0 995
1750634780153 6.0 996
1750634784211 6.0 997
1750634805213 6.0 998
1750634811631 6.0 999
1750634818066 6.0 1000
1750634824551 6.0 1001
1750634833316 6.0 1002
1750634839768 6.0 1003
1750634846152 6.0 1004
1750634852598 6.0 1005
1750634866832 6.0 1006
1750634873182 6.0 1007
1750634879909 6.0 1008
1750634886249 6.0 1009
1750634903736 6.0 1010
1750634910222 6.0 1011
1750634914842 6.0 1012
1750634919029 6.0 1013
1750634934565 6.0 1014
1750634941010 6.0 1015
1750634947399 6.0 1016
1750634952202 6.0 1017
1750634962444 6.0 1018
1750634971530 6.0 1019
1750634977760 6.0 1020
1750634984674 6.0 1021
1750634991112 6.0 1022
1750635006462 6.0 1023
1750635011259 6.0 1024
1750635016508 6.0 1025
1750635021179 6.0 1026
1750635038986 6.0 1027
1750635045385 6.0 1028
1750635051783 6.0 1029
1750635058228 6.0 1030
1750635071462 6.0 1031
1750635077556 6.0 1032
1750635083920 6.0 1033
1750635090396 6.0 1034
1750635102346 6.0 1035
1750635106429 6.0 1036
1750635111265 6.0 1037
1750635117794 6.0 1038
1750635132755 6.0 1039
1750635139060 6.0 1040
1750635145488 6.0 1041
1750635149733 6.0 1042
1750635169432 6.0 1043
1750635175840 6.0 1044
1750635182281 6.0 1045
1750635188650 6.0 1046
1750635200532 6.0 1047
1750635207197 6.0 1048
1750635211902 6.0 1049
1750635215984 6.0 1050
1750635232485 6.0 1051
1750635238269 6.0 1052
1750635244768 6.0 1053
1750635251124 6.0 1054
1750635270407 6.0 1055
1750635274604 6.0 1056
1750635278924 6.0 1057
1750635283539 6.0 1058
1750635304116 6.0 1059
1750635309476 6.0 1060
1750635316362 6.0 1061
1750635322788 6.0 1062
1750635333055 6.0 1063
1750635339397 6.0 1064
1750635345713 6.0 1065
1750635349791 6.0 1066
1750635364188 6.0 1067
1750635370649 6.0 1068
1750635377056 6.0 1069
1750635383451 6.0 1070
1750635392445 6.0 1071
1750635398867 6.0 1072
1750635405260 6.0 1073
1750635411644 6.0 1074
1750635426642 6.0 1075
1750635433086 6.0 1076
1750635439451 6.0 1077
1750635445327 6.0 1078
1750635454933 6.0 1079
1750635461342 6.0 1080
1750635467709 6.0 1081
1750635474199 6.0 1082
1750635486022 6.0 1083
1750635492505 6.0 1084
1750635497386 6.0 1085
1750635503796 6.0 1086
1750635516313 6.0 1087
1750635520570 6.0 1088
1750635524660 6.0 1089
1750635530903 6.0 1090
1750635553116 6.0 1091
1750635558020 6.0 1092
1750635562267 6.0 1093
1750635566375 6.0 1094
1750635590893 6.0 1095
1750635597396 6.0 1096
1750635603758 6.0 1097
1750635609540 6.0 1098
1750635625303 6.0 1099
1750635630984 6.0 1100
1750635637781 6.0 1101
1750635644201 6.0 1102
1750635658349 6.0 1103
1750635664828 6.0 1104
1750635671267 6.0 1105
1750635676165 6.0 1106
1750635689660 6.0 1107
1750635695938 6.0 1108
1750635702409 6.0 1109
1750635708876 6.0 1110
1750635720743 6.0 1111
1750635727201 6.0 1112
1750635733639 6.0 1113
1750635740045 6.0 1114
1750635753051 6.0 1115
1750635759432 6.0 1116
1750635765812 6.0 1117
1750635772151 6.0 1118
1750635784846 6.0 1119
1750635791234 6.0 1120
1750635797596 6.0 1121
1750635803485 6.0 1122
1750635818699 6.0 1123
1750635824857 6.0 1124
1750635828966 6.0 1125
1750635835345 6.0 1126
1750635850245 6.0 1127
1750635856668 6.0 1128
1750635860762 6.0 1129
1750635864900 6.0 1130
1750635881542 6.0 1131
1750635887917 6.0 1132
1750635894338 6.0 1133
1750635900722 6.0 1134
1750635910312 6.0 1135
1750635915463 6.0 1136
1750635921815 6.0 1137
1750635928157 6.0 1138
1750635943695 6.0 1139
1750635950096 6.0 1140
1750635956575 6.0 1141
1750635963245 6.0 1142
1750635972878 6.0 1143
1750635979293 6.0 1144
1750635985700 6.0 1145
1750635992204 6.0 1146
1750636004947 6.0 1147
1750636011349 6.0 1148
1750636016254 6.0 1149
1750636021190 6.0 1150
1750636036384 6.0 1151
1750636040134 6.0 1152
1750636043877 6.0 1153
1750636047277 6.0 1154
1750636346238 6.0 1154
1750636380234 7.0 1155
1750636386845 7.0 1156
1750636393082 7.0 1157
1750636399359 7.0 1158
1750636410480 7.0 1159
1750636416899 7.0 1160
1750636423348 7.0 1161
1750636429651 7.0 1162
1750636442515 7.0 1163
1750636448950 7.0 1164
1750636455232 7.0 1165
1750636461631 7.0 1166
1750636478337 7.0 1167
1750636485012 7.0 1168
1750636491411 7.0 1169
1750636497756 7.0 1170
1750636511275 7.0 1171
1750636517717 7.0 1172
1750636524123 7.0 1173
1750636530584 7.0 1174
1750636540124 7.0 1175
1750636544248 7.0 1176
1750636549044 7.0 1177
1750636555899 7.0 1178
1750636569564 7.0 1179
1750636575986 7.0 1180
1750636582405 7.0 1181
1750636589160 7.0 1182
1750636599323 7.0 1183
1750636605739 7.0 1184
1750636612130 7.0 1185
1750636620433 7.0 1186
1750636628276 7.0 1187
1750636634487 7.0 1188
1750636641021 7.0 1189
1750636654895 7.0 1190
1750636660706 7.0 1191
1750636667077 7.0 1192
1750636673505 7.0 1193
1750636686198 7.0 1194
1750636690626 7.0 1195
1750636695459 7.0 1196
1750636706252 7.0 1197
1750636721296 7.0 1198
1750636727791 7.0 1199
1750636731885 7.0 1200
1750636738365 7.0 1201
1750636755303 7.0 1202
1750636761778 7.0 1203
1750636768057 7.0 1204
1750636774314 7.0 1205
1750636789645 7.0 1206
1750636796141 7.0 1207
1750636803042 7.0 1208
1750636809521 7.0 1209
1750636822092 7.0 1210
1750636828534 7.0 1211
1750636834970 7.0 1212
1750636840381 7.0 1213
1750636851758 7.0 1214
1750636858066 7.0 1215
1750636864619 7.0 1216
1750636868721 7.0 1217
1750636883402 7.0 1218
1750636887938 7.0 1219
1750636892780 7.0 1220
1750636897661 7.0 1221
1750636917721 7.0 1222
1750636924193 7.0 1223
1750636930577 7.0 1224
1750636935033 7.0 1225
1750636952728 7.0 1226
1750636959192 7.0 1227
1750636965579 7.0 1228
1750636971187 7.0 1229
1750636988673 7.0 1230
1750636994965 7.0 1231
1750636999619 7.0 1232
1750637004319 7.0 1233
1750637024686 7.0 1234
1750637029157 7.0 1235
1750637033197 7.0 1236
1750637037301 7.0 1237
1750637053190 7.0 1238
1750637059591 7.0 1239
1750637066068 7.0 1240
1750637072478 7.0 1241
1750637085066 7.0 1242
1750637091409 7.0 1243
1750637097890 7.0 1244
1750637104264 7.0 1245
1750637114516 7.0 1246
1750637119410 7.0 1247
1750637126183 7.0 1248
1750637132666 7.0 1249
1750637148785 7.0 1250
1750637155201 7.0 1251
1750637161646 7.0 1252
1750637168215 7.0 1253
1750637179487 7.0 1254
1750637185889 7.0 1255
1750637191225 7.0 1256
1750637195869 7.0 1257
1750637209956 7.0 1258
1750637216361 7.0 1259
1750637222804 7.0 1260
1750637229255 7.0 1261
1750637240830 7.0 1262
1750637247259 7.0 1263
1750637255939 7.0 1264
1750637262317 7.0 1265
1750637270777 7.0 1266
1750637274875 7.0 1267
1750637288267 7.0 1268
1750637294716 7.0 1269
1750637303946 7.0 1270
1750637310363 7.0 1271
1750637319389 7.0 1272
1750637325758 7.0 1273
1750637332607 7.0 1274
1750637339444 7.0 1275
1750637348846 7.0 1276
1750637355226 7.0 1277
1750637362859 7.0 1278
1750637367628 7.0 1279
1750637381774 7.0 1280
1750637388271 7.0 1281
1750637399426 7.0 1282
1750637405903 7.0 1283
1750637412432 7.0 1284
1750637418853 7.0 1285
1750637433236 7.0 1286
1750637439659 7.0 1287
1750637446085 7.0 1288
1750637451233 7.0 1289
1750637462153 7.0 1290
1750637468581 7.0 1291
1750637472860 7.0 1292
1750637477143 7.0 1293
1750637490991 7.0 1294
1750637497309 7.0 1295
1750637507012 7.0 1296
1750637514004 7.0 1297
1750637523527 7.0 1298
1750637529959 7.0 1299
1750637536295 7.0 1300
1750637541192 7.0 1301
1750637559032 7.0 1302
1750637565384 7.0 1303
1750637569597 7.0 1304
1750637576332 7.0 1305
1750637590803 7.0 1306
1750637597174 7.0 1307
1750637601575 7.0 1308
1750637605592 7.0 1309
1750637623028 7.0 1310
1750637629476 7.0 1311
1750637635849 7.0 1312
1750637642283 7.0 1313
1750637653948 7.0 1314
1750637659642 7.0 1315
1750637663574 7.0 1316
1750637667538 7.0 1317
1750637681800 7.0 1318
1750637685237 7.0 1319
1750637997129 7.0 1319
1750638031215 8.0 1320
1750638037629 8.0 1321
1750638043789 8.0 1322
1750638050157 8.0 1323
1750638063432 8.0 1324
1750638069728 8.0 1325
1750638076132 8.0 1326
1750638082413 8.0 1327
1750638094310 8.0 1328
1750638100167 8.0 1329
1750638106483 8.0 1330
1750638112858 8.0 1331
1750638126117 8.0 1332
1750638132532 8.0 1333
1750638140316 8.0 1334
1750638146772 8.0 1335
1750638154295 8.0 1336
1750638160723 8.0 1337
1750638174072 8.0 1338
1750638180411 8.0 1339
1750638190363 8.0 1340
1750638196764 8.0 1341
1750638208345 8.0 1342
1750638214826 8.0 1343
1750638219814 8.0 1344
1750638223859 8.0 1345
1750638242231 8.0 1346
1750638246268 8.0 1347
1750638250342 8.0 1348
1750638254363 8.0 1349
1750638275105 8.0 1350
1750638281567 8.0 1351
1750638285659 8.0 1352
1750638292042 8.0 1353
1750638308724 8.0 1354
1750638313040 8.0 1355
1750638317079 8.0 1356
1750638321167 8.0 1357
1750638337963 8.0 1358
1750638344425 8.0 1359
1750638350853 8.0 1360
1750638357295 8.0 1361
1750638368752 8.0 1362
1750638375145 8.0 1363
1750638381555 8.0 1364
1750638387996 8.0 1365
1750638401499 8.0 1366
1750638407836 8.0 1367
1750638414280 8.0 1368
1750638418820 8.0 1369
1750638434160 8.0 1370
1750638440490 8.0 1371
1750638446832 8.0 1372
1750638451056 8.0 1373
1750638465782 8.0 1374
1750638469773 8.0 1375
1750638473985 8.0 1376
1750638478212 8.0 1377
1750638501791 8.0 1378
1750638505809 8.0 1379
1750638509887 8.0 1380
1750638515124 8.0 1381
1750638532366 8.0 1382
1750638537439 8.0 1383
1750638542677 8.0 1384
1750638549011 8.0 1385
1750638565981 8.0 1386
1750638571920 8.0 1387
1750638576878 8.0 1388
1750638583308 8.0 1389
1750638600096 8.0 1390
1750638606427 8.0 1391
1750638612901 8.0 1392
1750638619343 8.0 1393
1750638631051 8.0 1394
1750638636097 8.0 1395
1750638641378 8.0 1396
1750638645507 8.0 1397
1750638661992 8.0 1398
1750638667149 8.0 1399
1750638673507 8.0 1400
1750638679932 8.0 1401
1750638698243 8.0 1402
1750638704720 8.0 1403
1750638711128 8.0 1404
1750638717633 8.0 1405
1750638726314 8.0 1406
1750638732882 8.0 1407
1750638739717 8.0 1408
1750638745071 8.0 1409
1750638757451 8.0 1410
1750638763885 8.0 1411
1750638768062 8.0 1412
1750638774495 8.0 1413
1750638784963 8.0 1414
1750638791332 8.0 1415
1750638802542 8.0 1416
1750638809047 8.0 1417
1750638815702 8.0 1418
1750638822121 8.0 1419
1750638835532 8.0 1420
1750638841950 8.0 1421
1750638848689 8.0 1422
1750638855181 8.0 1423
1750638866135 8.0 1424
1750638872598 8.0 1425
1750638877451 8.0 1426
1750638883898 8.0 1427
1750638898755 8.0 1428
1750638905025 8.0 1429
1750638911386 8.0 1430
1750638917905 8.0 1431
1750638931545 8.0 1432
1750638937968 8.0 1433
1750638942130 8.0 1434
1750638948871 8.0 1435
1750638965691 8.0 1436
1750638972168 8.0 1437
1750638978719 8.0 1438
1750638984778 8.0 1439
1750638995129 8.0 1440
1750639001266 8.0 1441
1750639005458 8.0 1442
1750639009534 8.0 1443
1750639026862 8.0 1444
1750639030897 8.0 1445
1750639034950 8.0 1446
1750639039001 8.0 1447
1750639056396 8.0 1448
1750639066905 8.0 1449
1750639071271 8.0 1450
1750639075278 8.0 1451
1750639087633 8.0 1452
1750639100476 8.0 1453
1750639107047 8.0 1454
1750639113452 8.0 1455
1750639119809 8.0 1456
1750639138220 8.0 1457
1750639144615 8.0 1458
1750639151042 8.0 1459
1750639157502 8.0 1460
1750639170631 8.0 1461
1750639177382 8.0 1462
1750639183860 8.0 1463
1750639190327 8.0 1464
1750639202845 8.0 1465
1750639209285 8.0 1466
1750639215722 8.0 1467
1750639222183 8.0 1468
1750639231178 8.0 1469
1750639237429 8.0 1470
1750639243791 8.0 1471
1750639251274 8.0 1472
1750639264772 8.0 1473
1750639270522 8.0 1474
1750639276227 8.0 1475
1750639287313 8.0 1476
1750639296766 8.0 1477
1750639303218 8.0 1478
1750639309677 8.0 1479
1750639315696 8.0 1480
1750639322473 8.0 1481
1750639326279 8.0 1482
1750639330081 8.0 1483
1750639336789 8.0 1484
1750639647684 8.0 1484
1750639681937 9.0 1485
1750639688262 9.0 1486
1750639694667 9.0 1487
1750639700981 9.0 1488
1750639714118 9.0 1489
1750639720252 9.0 1490
1750639726628 9.0 1491
1750639732988 9.0 1492
1750639745983 9.0 1493
1750639752387 9.0 1494
1750639758778 9.0 1495
1750639765098 9.0 1496
1750639784444 9.0 1497
1750639790126 9.0 1498
1750639794331 9.0 1499
1750639798375 9.0 1500
1750639815012 9.0 1501
1750639821774 9.0 1502
1750639828201 9.0 1503
1750639834641 9.0 1504
1750639846207 9.0 1505
1750639852676 9.0 1506
1750639859092 9.0 1507
1750639865449 9.0 1508
1750639876436 9.0 1509
1750639880499 9.0 1510
1750639884741 9.0 1511
1750639889532 9.0 1512
1750639906703 9.0 1513
1750639912838 9.0 1514
1750639919515 9.0 1515
1750639924314 9.0 1516
1750639936160 9.0 1517
1750639948892 9.0 1518
1750639955322 9.0 1519
1750639961778 9.0 1520
1750639966651 9.0 1521
1750639980466 9.0 1522
1750639986862 9.0 1523
1750639993253 9.0 1524
1750639999675 9.0 1525
1750640017635 9.0 1526
1750640021739 9.0 1527
1750640025889 9.0 1528
1750640030225 9.0 1529
1750640045401 9.0 1530
1750640049463 9.0 1531
1750640053644 9.0 1532
1750640058465 9.0 1533
1750640075115 9.0 1534
1750640081564 9.0 1535
1750640085719 9.0 1536
1750640093093 9.0 1537
1750640107645 9.0 1538
1750640114044 9.0 1539
1750640120432 9.0 1540
1750640126910 9.0 1541
1750640139539 9.0 1542
1750640145824 9.0 1543
1750640152127 9.0 1544
1750640161359 9.0 1545
1750640170183 9.0 1546
1750640176719 9.0 1547
1750640183137 9.0 1548
1750640190580 9.0 1549
1750640201966 9.0 1550
1750640208383 9.0 1551
1750640214814 9.0 1552
1750640219513 9.0 1553
1750640233765 9.0 1554
1750640240508 9.0 1555
1750640246052 9.0 1556
1750640250204 9.0 1557
1750640268539 9.0 1558
1750640274363 9.0 1559
1750640278423 9.0 1560
1750640282416 9.0 1561
1750640307109 9.0 1562
1750640313523 9.0 1563
1750640319864 9.0 1564
1750640326337 9.0 1565
1750640335692 9.0 1566
1750640341078 9.0 1567
1750640347642 9.0 1568
1750640354545 9.0 1569
1750640369291 9.0 1570
1750640375788 9.0 1571
1750640381964 9.0 1572
1750640388437 9.0 1573
1750640400590 9.0 1574
1750640407008 9.0 1575
1750640413388 9.0 1576
1750640419822 9.0 1577
1750640431991 9.0 1578
1750640437966 9.0 1579
1750640442000 9.0 1580
1750640446262 9.0 1581
1750640468717 9.0 1582
1750640475155 9.0 1583
1750640481588 9.0 1584
1750640488048 9.0 1585
1750640507427 9.0 1586
1750640513812 9.0 1587
1750640517992 9.0 1588
1750640524508 9.0 1589
1750640541023 9.0 1590
1750640545466 9.0 1591
1750640549579 9.0 1592
1750640553710 9.0 1593
1750640572512 9.0 1594
1750640576858 9.0 1595
1750640583224 9.0 1596
1750640589579 9.0 1597
1750640605482 9.0 1598
1750640611894 9.0 1599
1750640616168 9.0 1600
1750640621779 9.0 1601
1750640636913 9.0 1602
1750640643324 9.0 1603
1750640649814 9.0 1604
1750640656203 9.0 1605
1750640667984 9.0 1606
1750640674332 9.0 1607
1750640680714 9.0 1608
1750640686482 9.0 1609
1750640698041 9.0 1610
1750640704407 9.0 1611
1750640710760 9.0 1612
1750640717192 9.0 1613
1750640732328 9.0 1614
1750640738705 9.0 1615
1750640745071 9.0 1616
1750640751453 9.0 1617
1750640763423 9.0 1618
1750640769924 9.0 1619
1750640776414 9.0 1620
1750640782740 9.0 1621
1750640791994 9.0 1622
1750640798469 9.0 1623
1750640804675 9.0 1624
1750640809823 9.0 1625
1750640820976 9.0 1626
1750640826802 9.0 1627
1750640833374 9.0 1628
1750640839828 9.0 1629
1750640857570 9.0 1630
1750640863988 9.0 1631
1750640870374 9.0 1632
1750640876849 9.0 1633
1750640889565 9.0 1634
1750640895998 9.0 1635
1750640902821 9.0 1636
1750640909197 9.0 1637
1750640917916 9.0 1638
1750640924363 9.0 1639
1750640930744 9.0 1640
1750640935801 9.0 1641
1750640947860 9.0 1642
1750640954437 9.0 1643
1750640959516 9.0 1644
1750640963644 9.0 1645
1750640978120 9.0 1646
1750640981852 9.0 1647
1750640985599 9.0 1648
1750640989253 9.0 1649
1750641299861 9.0 1649
1750641333787 10.0 1650
1750641340145 10.0 1651
1750641346436 10.0 1652
1750641352784 10.0 1653
1750641367272 10.0 1654
1750641373644 10.0 1655
1750641380027 10.0 1656
1750641384601 10.0 1657
1750641397624 10.0 1658
1750641403958 10.0 1659
1750641410373 10.0 1660
1750641416767 10.0 1661
1750641428961 10.0 1662
1750641435309 10.0 1663
1750641441607 10.0 1664
1750641447984 10.0 1665
1750641462179 10.0 1666
1750641468558 10.0 1667
1750641474932 10.0 1668
1750641479773 10.0 1669
1750641496509 10.0 1670
1750641501042 10.0 1671
1750641507526 10.0 1672
1750641513820 10.0 1673
1750641529644 10.0 1674
1750641535969 10.0 1675
1750641542726 10.0 1676
1750641549172 10.0 1677
1750641563493 10.0 1678
1750641568365 10.0 1679
1750641572444 10.0 1680
1750641576549 10.0 1681
1750641592469 10.0 1682
1750641598922 10.0 1683
1750641605333 10.0 1684
1750641611637 10.0 1685
1750641626070 10.0 1686
1750641632105 10.0 1687
1750641638203 10.0 1688
1750641644998 10.0 1689
1750641658346 10.0 1690
1750641663745 10.0 1691
1750641668505 10.0 1692
1750641672557 10.0 1693
1750641691310 10.0 1694
1750641696646 10.0 1695
1750641702944 10.0 1696
1750641707700 10.0 1697
1750641719924 10.0 1698
1750641724073 10.0 1699
1750641728244 10.0 1700
1750641735746 10.0 1701
1750641749867 10.0 1702
1750641756199 10.0 1703
1750641762643 10.0 1704
1750641768991 10.0 1705
1750641784899 10.0 1706
1750641790822 10.0 1707
1750641795119 10.0 1708
1750641799284 10.0 1709
1750641818678 10.0 1710
1750641825163 10.0 1711
1750641831564 10.0 1712
1750641837874 10.0 1713
1750641849386 10.0 1714
1750641854923 10.0 1715
1750641861708 10.0 1716
1750641868068 10.0 1717
1750641883116 10.0 1718
1750641888553 10.0 1719
1750641892842 10.0 1720
1750641897045 10.0 1721
1750641914749 10.0 1722
1750641921249 10.0 1723
1750641927660 10.0 1724
1750641933921 10.0 1725
1750641946059 10.0 1726
1750641952618 10.0 1727
1750641957998 10.0 1728
1750641962361 10.0 1729
1750641982808 10.0 1730
1750641987067 10.0 1731
1750641991111 10.0 1732
1750641995188 10.0 1733
1750642012896 10.0 1734
1750642016952 10.0 1735
1750642022500 10.0 1736
1750642028962 10.0 1737
1750642051729 10.0 1738
1750642057592 10.0 1739
1750642064251 10.0 1740
1750642068916 10.0 1741
1750642082450 10.0 1742
1750642088931 10.0 1743
1750642095414 10.0 1744
1750642100224 10.0 1745
1750642112996 10.0 1746
1750642119476 10.0 1747
1750642125836 10.0 1748
1750642132349 10.0 1749
1750642142651 10.0 1750
1750642149136 10.0 1751
1750642155669 10.0 1752
1750642161981 10.0 1753
1750642175652 10.0 1754
1750642182133 10.0 1755
1750642187697 10.0 1756
1750642194028 10.0 1757
1750642206594 10.0 1758
1750642213116 10.0 1759
1750642219621 10.0 1760
1750642226042 10.0 1761
1750642241184 10.0 1762
1750642247734 10.0 1763
1750642254211 10.0 1764
1750642260696 10.0 1765
1750642270153 10.0 1766
1750642276760 10.0 1767
1750642283266 10.0 1768
1750642288947 10.0 1769
1750642308306 10.0 1770
1750642313290 10.0 1771
1750642317507 10.0 1772
1750642321690 10.0 1773
1750642336232 10.0 1774
1750642340938 10.0 1775
1750642345372 10.0 1776
1750642351453 10.0 1777
1750642374044 10.0 1778
1750642380609 10.0 1779
1750642387044 10.0 1780
1750642393517 10.0 1781
1750642406730 10.0 1782
1750642413161 10.0 1783
1750642419567 10.0 1784
1750642425754 10.0 1785
1750642438175 10.0 1786
1750642444673 10.0 1787
1750642451019 10.0 1788
1750642457469 10.0 1789
1750642474500 10.0 1790
1750642479800 10.0 1791
1750642484801 10.0 1792
1750642491299 10.0 1793
1750642504084 10.0 1794
1750642510504 10.0 1795
1750642517495 10.0 1796
1750642523920 10.0 1797
1750642537720 10.0 1798
1750642543456 10.0 1799
1750642548814 10.0 1800
1750642552873 10.0 1801
1750642574288 10.0 1802
1750642578479 10.0 1803
1750642582960 10.0 1804
1750642587102 10.0 1805
1750642603921 10.0 1806
1750642609919 10.0 1807
1750642613777 10.0 1808
1750642617823 10.0 1809
1750642632820 10.0 1810
1750642636672 10.0 1811
1750642640481 10.0 1812
1750642644296 10.0 1813
1750642655969 10.0 1814
1750642969939 10.0 1814
1750643001338 11.0 1815
1750643005368 11.0 1816
1750643009405 11.0 1817
1750643013415 11.0 1818
1750643039589 11.0 1819
1750643045958 11.0 1820
1750643052207 11.0 1821
1750643058968 11.0 1822
1750643070909 11.0 1823
1750643077344 11.0 1824
1750643083776 11.0 1825
1750643090210 11.0 1826
1750643098837 11.0 1827
1750643105243 11.0 1828
1750643111658 11.0 1829
1750643118123 11.0 1830
1750643131471 11.0 1831
1750643137933 11.0 1832
1750643144347 11.0 1833
1750643150043 11.0 1834
1750643162512 11.0 1835
1750643169119 11.0 1836
1750643173298 11.0 1837
1750643179747 11.0 1838
1750643195487 11.0 1839
1750643201578 11.0 1840
1750643207380 11.0 1841
1750643213835 11.0 1842
1750643226499 11.0 1843
1750643233000 11.0 1844
1750643239476 11.0 1845
1750643244279 11.0 1846
1750643259147 11.0 1847
1750643265566 11.0 1848
1750643272440 11.0 1849
1750643276611 11.0 1850
1750643296372 11.0 1851
1750643302553 11.0 1852
1750643308541 11.0 1853
1750643312617 11.0 1854
1750643330060 11.0 1855
1750643336424 11.0 1856
1750643342967 11.0 1857
1750643349358 11.0 1858
1750643358352 11.0 1859
1750643364111 11.0 1860
1750643368259 11.0 1861
1750643375147 11.0 1862
1750643393282 11.0 1863
1750643399681 11.0 1864
1750643406094 11.0 1865
1750643412447 11.0 1866
1750643423962 11.0 1867
1750643430310 11.0 1868
1750643436888 11.0 1869
1750643443218 11.0 1870
1750643456502 11.0 1871
1750643462952 11.0 1872
1750643469158 11.0 1873
1750643475544 11.0 1874
1750643487060 11.0 1875
1750643493761 11.0 1876
1750643500173 11.0 1877
1750643506716 11.0 1878
1750643518250 11.0 1879
1750643524779 11.0 1880
1750643531122 11.0 1881
1750643537620 11.0 1882
1750643551483 11.0 1883
1750643557410 11.0 1884
1750643563447 11.0 1885
1750643569857 11.0 1886
1750643581373 11.0 1887
1750643587818 11.0 1888
1750643593706 11.0 1889
1750643599334 11.0 1890
1750643613585 11.0 1891
1750643619970 11.0 1892
1750643626306 11.0 1893
1750643632791 11.0 1894
1750643646457 11.0 1895
1750643652933 11.0 1896
1750643659387 11.0 1897
1750643665684 11.0 1898
1750643673184 11.0 1899
1750643678936 11.0 1900
1750643683058 11.0 1901
1750643690783 11.0 1902
1750643706527 11.0 1903
1750643715144 11.0 1904
1750643721609 11.0 1905
1750643727985 11.0 1906
1750643741261 11.0 1907
1750643747685 11.0 1908
1750643754086 11.0 1909
1750643760565 11.0 1910
1750643773646 11.0 1911
1750643780096 11.0 1912
1750643786404 11.0 1913
1750643791815 11.0 1914
1750643806876 11.0 1915
1750643813590 11.0 1916
1750643819933 11.0 1917
1750643824055 11.0 1918
1750643837571 11.0 1919
1750643844139 11.0 1920
1750643850623 11.0 1921
1750643859175 11.0 1922
1750643870949 11.0 1923
1750643877300 11.0 1924
1750643883714 11.0 1925
1750643895192 11.0 1926
1750643902116 11.0 1927
1750643908509 11.0 1928
1750643915205 11.0 1929
1750643923356 11.0 1930
1750643934053 11.0 1931
1750643939056 11.0 1932
1750643943297 11.0 1933
1750643957850 11.0 1934
1750643969581 11.0 1935
1750643975925 11.0 1936
1750643982214 11.0 1937
1750643988890 11.0 1938
1750644000865 11.0 1939
1750644006106 11.0 1940
1750644010260 11.0 1941
1750644017123 11.0 1942
1750644033912 11.0 1943
1750644040419 11.0 1944
1750644047071 11.0 1945
1750644053516 11.0 1946
1750644066864 11.0 1947
1750644073295 11.0 1948
1750644079693 11.0 1949
1750644086036 11.0 1950
1750644097903 11.0 1951
1750644104294 11.0 1952
1750644110746 11.0 1953
1750644117270 11.0 1954
1750644131721 11.0 1955
1750644138499 11.0 1956
1750644144962 11.0 1957
1750644151320 11.0 1958
1750644160653 11.0 1959
1750644167200 11.0 1960
1750644173148 11.0 1961
1750644177172 11.0 1962
1750644192540 11.0 1963
1750644198950 11.0 1964
1750644205468 11.0 1965
1750644211996 11.0 1966
1750644225782 11.0 1967
1750644232218 11.0 1968
1750644238818 11.0 1969
1750644243623 11.0 1970
1750644255259 11.0 1971
1750644260058 11.0 1972
1750644265394 11.0 1973
1750644274063 11.0 1974
1750644286742 11.0 1975
1750644290781 11.0 1976
1750644295558 11.0 1977
1750644299584 11.0 1978
1750644310002 11.0 1979
1750644630567 11.0 1979
1750644664076 12.0 1980
1750644670449 12.0 1981
1750644676844 12.0 1982
1750644683562 12.0 1983
1750644692249 12.0 1984
1750644696576 12.0 1985
1750644701275 12.0 1986
1750644707707 12.0 1987
1750644722652 12.0 1988
1750644730227 12.0 1989
1750644736623 12.0 1990
1750644743047 12.0 1991
1750644754689 12.0 1992
1750644760143 12.0 1993
1750644772904 12.0 1994
1750644779319 12.0 1995
1750644786253 12.0 1996
1750644793479 12.0 1997
1750644808895 12.0 1998
1750644815240 12.0 1999
1750644821708 12.0 2000
1750644828962 12.0 2001
1750644839894 12.0 2002
1750644843978 12.0 2003
1750644848052 12.0 2004
1750644861872 12.0 2005
1750644871471 12.0 2006
1750644877890 12.0 2007
1750644882125 12.0 2008
1750644894810 12.0 2009
1750644902354 12.0 2010
1750644908824 12.0 2011
1750644915238 12.0 2012
1750644928922 12.0 2013
1750644935330 12.0 2014
1750644941673 12.0 2015
1750644945739 12.0 2016
1750644957267 12.0 2017
1750644966738 12.0 2018
1750644972475 12.0 2019
1750644981402 12.0 2020
1750644991575 12.0 2021
1750644997962 12.0 2022
1750645004805 12.0 2023
1750645012477 12.0 2024
1750645025376 12.0 2025
1750645031838 12.0 2026
1750645038327 12.0 2027
1750645044714 12.0 2028
1750645059220 12.0 2029
1750645065645 12.0 2030
1750645071979 12.0 2031
1750645078382 12.0 2032
1750645092607 12.0 2033
1750645097451 12.0 2034
1750645103857 12.0 2035
1750645110771 12.0 2036
1750645125354 12.0 2037
1750645131702 12.0 2038
1750645136005 12.0 2039
1750645142210 12.0 2040
1750645156220 12.0 2041
1750645162664 12.0 2042
1750645169181 12.0 2043
1750645175724 12.0 2044
1750645186024 12.0 2045
1750645192390 12.0 2046
1750645198745 12.0 2047
1750645205151 12.0 2048
1750645218250 12.0 2049
1750645224425 12.0 2050
1750645230798 12.0 2051
1750645237125 12.0 2052
1750645246489 12.0 2053
1750645252616 12.0 2054
1750645256808 12.0 2055
1750645266933 12.0 2056
1750645284625 12.0 2057
1750645291051 12.0 2058
1750645297436 12.0 2059
1750645303995 12.0 2060
1750645317459 12.0 2061
1750645323732 12.0 2062
1750645329704 12.0 2063
1750645336130 12.0 2064
1750645350983 12.0 2065
1750645357266 12.0 2066
1750645363690 12.0 2067
1750645370120 12.0 2068
1750645379405 12.0 2069
1750645386186 12.0 2070
1750645392612 12.0 2071
1750645398733 12.0 2072
1750645408467 12.0 2073
1750645414491 12.0 2074
1750645420863 12.0 2075
1750645427566 12.0 2076
1750645442378 12.0 2077
1750645450830 12.0 2078
1750645457321 12.0 2079
1750645463783 12.0 2080
1750645479758 12.0 2081
1750645484872 12.0 2082
1750645488987 12.0 2083
1750645493752 12.0 2084
1750645509328 12.0 2085
1750645516379 12.0 2086
1750645520851 12.0 2087
1750645527265 12.0 2088
1750645540900 12.0 2089
1750645552401 12.0 2090
1750645558821 12.0 2091
1750645565191 12.0 2092
1750645571735 12.0 2093
1750645586108 12.0 2094
1750645592575 12.0 2095
1750645598947 12.0 2096
1750645603013 12.0 2097
1750645617206 12.0 2098
1750645623741 12.0 2099
1750645628815 12.0 2100
1750645634880 12.0 2101
1750645647488 12.0 2102
1750645654313 12.0 2103
1750645660787 12.0 2104
1750645667174 12.0 2105
1750645678390 12.0 2106
1750645684857 12.0 2107
1750645691366 12.0 2108
1750645697845 12.0 2109
1750645709146 12.0 2110
1750645715532 12.0 2111
1750645722077 12.0 2112
1750645727443 12.0 2113
1750645742752 12.0 2114
1750645747588 12.0 2115
1750645752689 12.0 2116
1750645759011 12.0 2117
1750645774390 12.0 2118
1750645780707 12.0 2119
1750645787182 12.0 2120
1750645793547 12.0 2121
1750645802663 12.0 2122
1750645808647 12.0 2123
1750645814923 12.0 2124
1750645818959 12.0 2125
1750645834169 12.0 2126
1750645840585 12.0 2127
1750645847078 12.0 2128
1750645853579 12.0 2129
1750645866811 12.0 2130
1750645870833 12.0 2131
1750645877781 12.0 2132
1750645888145 12.0 2133
1750645900513 12.0 2134
1750645907004 12.0 2135
1750645911834 12.0 2136
1750645920244 12.0 2137
1750645934132 12.0 2138
1750645940532 12.0 2139
1750645945261 12.0 2140
1750645949183 12.0 2141
1750645961377 12.0 2142
1750645965436 12.0 2143
1750645968849 12.0 2144
1750646285624 12.0 2144
1750646319474 13.0 2145
1750646325894 13.0 2146
1750646332305 13.0 2147
1750646338596 13.0 2148
1750646347086 13.0 2149
1750646357960 13.0 2150
1750646364309 13.0 2151
1750646370823 13.0 2152
1750646377883 13.0 2153
1750646388619 13.0 2154
1750646394899 13.0 2155
1750646401762 13.0 2156
1750646406456 13.0 2157
1750646416675 13.0 2158
1750646423621 13.0 2159
1750646429529 13.0 2160
1750646438487 13.0 2161
1750646447132 13.0 2162
1750646451294 13.0 2163
1750646457688 13.0 2164
1750646475170 13.0 2165
1750646481579 13.0 2166
1750646487975 13.0 2167
1750646494448 13.0 2168
1750646503320 13.0 2169
1750646513254 13.0 2170
1750646519489 13.0 2171
1750646525928 13.0 2172
1750646539160 13.0 2173
1750646543292 13.0 2174
1750646550509 13.0 2175
1750646556968 13.0 2176
1750646572752 13.0 2177
1750646579175 13.0 2178
1750646583904 13.0 2179
1750646588669 13.0 2180
1750646608110 13.0 2181
1750646614648 13.0 2182
1750646619134 13.0 2183
1750646623975 13.0 2184
1750646637442 13.0 2185
1750646643933 13.0 2186
1750646647988 13.0 2187
1750646652027 13.0 2188
1750646668138 13.0 2189
1750646674388 13.0 2190
1750646680846 13.0 2191
1750646687273 13.0 2192
1750646704364 13.0 2193
1750646710687 13.0 2194
1750646717190 13.0 2195
1750646723991 13.0 2196
1750646738883 13.0 2197
1750646743344 13.0 2198
1750646747467 13.0 2199
1750646753841 13.0 2200
1750646771890 13.0 2201
1750646776394 13.0 2202
1750646781885 13.0 2203
1750646785976 13.0 2204
1750646803718 13.0 2205
1750646810139 13.0 2206
1750646816467 13.0 2207
1750646822921 13.0 2208
1750646832281 13.0 2209
1750646839150 13.0 2210
1750646843241 13.0 2211
1750646849817 13.0 2212
1750646866211 13.0 2213
1750646872668 13.0 2214
1750646879086 13.0 2215
1750646885522 13.0 2216
1750646896416 13.0 2217
1750646902878 13.0 2218
1750646909233 13.0 2219
1750646915656 13.0 2220
1750646932452 13.0 2221
1750646938986 13.0 2222
1750646945788 13.0 2223
1750646952154 13.0 2224
1750646964725 13.0 2225
1750646968769 13.0 2226
1750646972912 13.0 2227
1750646977021 13.0 2228
1750646995186 13.0 2229
1750647001617 13.0 2230
1750647008001 13.0 2231
1750647014409 13.0 2232
1750647026040 13.0 2233
1750647032570 13.0 2234
1750647039022 13.0 2235
1750647045076 13.0 2236
1750647062143 13.0 2237
1750647068451 13.0 2238
1750647074808 13.0 2239
1750647081159 13.0 2240
1750647097754 13.0 2241
1750647104243 13.0 2242
1750647110749 13.0 2243
1750647116357 13.0 2244
1750647126272 13.0 2245
1750647132742 13.0 2246
1750647139090 13.0 2247
1750647145514 13.0 2248
1750647155376 13.0 2249
1750647161854 13.0 2250
1750647168249 13.0 2251
1750647174666 13.0 2252
1750647189068 13.0 2253
1750647195494 13.0 2254
1750647201870 13.0 2255
1750647206034 13.0 2256
1750647219922 13.0 2257
1750647224669 13.0 2258
1750647228822 13.0 2259
1750647233011 13.0 2260
1750647251823 13.0 2261
1750647255888 13.0 2262
1750647260410 13.0 2263
1750647265982 13.0 2264
1750647288910 13.0 2265
1750647295216 13.0 2266
1750647301452 13.0 2267
1750647307843 13.0 2268
1750647317874 13.0 2269
1750647324336 13.0 2270
1750647330828 13.0 2271
1750647337338 13.0 2272
1750647349612 13.0 2273
1750647356012 13.0 2274
1750647362480 13.0 2275
1750647369338 13.0 2276
1750647380132 13.0 2277
1750647386577 13.0 2278
1750647394667 13.0 2279
1750647401039 13.0 2280
1750647412675 13.0 2281
1750647418997 13.0 2282
1750647425399 13.0 2283
1750647431758 13.0 2284
1750647440906 13.0 2285
1750647447346 13.0 2286
1750647453859 13.0 2287
1750647463899 13.0 2288
1750647473640 13.0 2289
1750647480076 13.0 2290
1750647486597 13.0 2291
1750647496197 13.0 2292
1750647508512 13.0 2293
1750647515030 13.0 2294
1750647521407 13.0 2295
1750647526937 13.0 2296
1750647542204 13.0 2297
1750647548624 13.0 2298
1750647555098 13.0 2299
1750647561554 13.0 2300
1750647569984 13.0 2301
1750647576336 13.0 2302
1750647583887 13.0 2303
1750647587954 13.0 2304
1750647598289 13.0 2305
1750647602362 13.0 2306
1750647611013 13.0 2307
1750647614847 13.0 2308
1750647622054 13.0 2309
1750647926712 13.0 2309
1750647960039 14.0 2310
1750647964086 14.0 2311
1750647970507 14.0 2312
1750647976708 14.0 2313
1750647985506 14.0 2314
1750647993658 14.0 2315
1750648000142 14.0 2316
1750648006881 14.0 2317
1750648018024 14.0 2318
1750648026854 14.0 2319
1750648033309 14.0 2320
1750648039724 14.0 2321
1750648048037 14.0 2322
1750648057687 14.0 2323
1750648061750 14.0 2324
1750648065764 14.0 2325
1750648075833 14.0 2326
1750648085833 14.0 2327
1750648093158 14.0 2328
1750648099867 14.0 2329
1750648106586 14.0 2330
1750648116669 14.0 2331
1750648131864 14.0 2332
1750648138275 14.0 2333
1750648144764 14.0 2334
1750648151103 14.0 2335
1750648160006 14.0 2336
1750648166425 14.0 2337
1750648175676 14.0 2338
1750648182048 14.0 2339
1750648191985 14.0 2340
1750648198422 14.0 2341
1750648213662 14.0 2342
1750648220437 14.0 2343
1750648226811 14.0 2344
1750648232224 14.0 2345
1750648242868 14.0 2346
1750648249209 14.0 2347
1750648255224 14.0 2348
1750648265943 14.0 2349
1750648274096 14.0 2350
1750648280502 14.0 2351
1750648286897 14.0 2352
1750648299749 14.0 2353
1750648306494 14.0 2354
1750648312999 14.0 2355
1750648318058 14.0 2356
1750648331314 14.0 2357
1750648337804 14.0 2358
1750648344238 14.0 2359
1750648350655 14.0 2360
1750648364235 14.0 2361
1750648369585 14.0 2362
1750648375919 14.0 2363
1750648384351 14.0 2364
1750648396504 14.0 2365
1750648403027 14.0 2366
1750648409371 14.0 2367
1750648415832 14.0 2368
1750648431580 14.0 2369
1750648437954 14.0 2370
1750648444268 14.0 2371
1750648450583 14.0 2372
1750648459908 14.0 2373
1750648464904 14.0 2374
1750648469392 14.0 2375
1750648477124 14.0 2376
1750648492245 14.0 2377
1750648501140 14.0 2378
1750648507557 14.0 2379
1750648513928 14.0 2380
1750648522762 14.0 2381
1750648537239 14.0 2382
1750648543963 14.0 2383
1750648550220 14.0 2384
1750648556633 14.0 2385
1750648570683 14.0 2386
1750648577113 14.0 2387
1750648583589 14.0 2388
1750648589811 14.0 2389
1750648598954 14.0 2390
1750648605427 14.0 2391
1750648611873 14.0 2392
1750648621282 14.0 2393
1750648632935 14.0 2394
1750648639342 14.0 2395
1750648646190 14.0 2396
1750648655374 14.0 2397
1750648663141 14.0 2398
1750648667227 14.0 2399
1750648671282 14.0 2400
1750648684313 14.0 2401
1750648701419 14.0 2402
1750648705516 14.0 2403
1750648709593 14.0 2404
1750648716087 14.0 2405
1750648732699 14.0 2406
1750648739113 14.0 2407
1750648745542 14.0 2408
1750648752299 14.0 2409
1750648763434 14.0 2410
1750648769880 14.0 2411
1750648776325 14.0 2412
1750648782047 14.0 2413
1750648799356 14.0 2414
1750648805807 14.0 2415
1750648812291 14.0 2416
1750648818916 14.0 2417
1750648828298 14.0 2418
1750648834775 14.0 2419
1750648841232 14.0 2420
1750648852383 14.0 2421
1750648859262 14.0 2422
1750648865976 14.0 2423
1750648872414 14.0 2424
1750648888180 14.0 2425
1750648893065 14.0 2426
1750648899496 14.0 2427
1750648905918 14.0 2428
1750648917896 14.0 2429
1750648924337 14.0 2430
1750648930712 14.0 2431
1750648937109 14.0 2432
1750648949049 14.0 2433
1750648955419 14.0 2434
1750648961897 14.0 2435
1750648968736 14.0 2436
1750648977137 14.0 2437
1750648992021 14.0 2438
1750648997154 14.0 2439
1750649003573 14.0 2440
1750649010006 14.0 2441
1750649023202 14.0 2442
1750649027756 14.0 2443
1750649031820 14.0 2444
1750649039918 14.0 2445
1750649057538 14.0 2446
1750649063166 14.0 2447
1750649068201 14.0 2448
1750649072999 14.0 2449
1750649088130 14.0 2450
1750649092196 14.0 2451
1750649096270 14.0 2452
1750649100696 14.0 2453
1750649118653 14.0 2454
1750649125045 14.0 2455
1750649131343 14.0 2456
1750649136619 14.0 2457
1750649156261 14.0 2458
1750649160342 14.0 2459
1750649165040 14.0 2460
1750649169131 14.0 2461
1750649189394 14.0 2462
1750649194096 14.0 2463
1750649200409 14.0 2464
1750649204575 14.0 2465
1750649223197 14.0 2466
1750649227190 14.0 2467
1750649231104 14.0 2468
1750649234988 14.0 2469
1750649249753 14.0 2470
1750649253579 14.0 2471
1750649257412 14.0 2472
1750649261213 14.0 2473
1750649272488 14.0 2474
1750649583746 14.0 2474
1750649615334 15.0 2475
1750649619327 15.0 2476
1750649623627 15.0 2477
1750649627609 15.0 2478
1750649645584 15.0 2479
1750649651971 15.0 2480
1750649658329 15.0 2481
1750649664667 15.0 2482
1750649675443 15.0 2483
1750649681632 15.0 2484
1750649692027 15.0 2485
1750649698328 15.0 2486
1750649707370 15.0 2487
1750649713698 15.0 2488
1750649724778 15.0 2489
1750649731551 15.0 2490
1750649741148 15.0 2491
1750649747549 15.0 2492
1750649761199 15.0 2493
1750649767595 15.0 2494
1750649773979 15.0 2495
1750649780378 15.0 2496
1750649792499 15.0 2497
1750649798865 15.0 2498
1750649804803 15.0 2499
1750649809535 15.0 2500
1750649829600 15.0 2501
1750649836053 15.0 2502
1750649843030 15.0 2503
1750649849468 15.0 2504
1750649865578 15.0 2505
1750649872116 15.0 2506
1750649877293 15.0 2507
1750649881747 15.0 2508
1750649898651 15.0 2509
1750649905050 15.0 2510
1750649911145 15.0 2511
1750649915562 15.0 2512
1750649928187 15.0 2513
1750649934536 15.0 2514
1750649939680 15.0 2515
1750649943779 15.0 2516
1750649958007 15.0 2517
1750649962094 15.0 2518
1750649966270 15.0 2519
1750649972627 15.0 2520
1750649986727 15.0 2521
1750649990824 15.0 2522
1750650002382 15.0 2523
1750650008763 15.0 2524
1750650022182 15.0 2525
1750650028612 15.0 2526
1750650033455 15.0 2527
1750650039888 15.0 2528
1750650054988 15.0 2529
1750650061883 15.0 2530
1750650065995 15.0 2531
1750650072353 15.0 2532
1750650085775 15.0 2533
1750650092196 15.0 2534
1750650098697 15.0 2535
1750650105037 15.0 2536
1750650116995 15.0 2537
1750650123350 15.0 2538
1750650131350 15.0 2539
1750650135445 15.0 2540
1750650147030 15.0 2541
1750650153622 15.0 2542
1750650165617 15.0 2543
1750650172041 15.0 2544
1750650176159 15.0 2545
1750650180977 15.0 2546
1750650199483 15.0 2547
1750650206040 15.0 2548
1750650212582 15.0 2549
1750650216852 15.0 2550
1750650230693 15.0 2551
1750650235771 15.0 2552
1750650239839 15.0 2553
1750650248649 15.0 2554
1750650259011 15.0 2555
1750650265490 15.0 2556
1750650272336 15.0 2557
1750650282395 15.0 2558
1750650290179 15.0 2559
1750650296552 15.0 2560
1750650303921 15.0 2561
1750650313620 15.0 2562
1750650320505 15.0 2563
1750650326842 15.0 2564
1750650336183 15.0 2565
1750650346514 15.0 2566
1750650358399 15.0 2567
1750650364825 15.0 2568
1750650368914 15.0 2569
1750650378707 15.0 2570
1750650391654 15.0 2571
1750650398120 15.0 2572
1750650404552 15.0 2573
1750650411616 15.0 2574
1750650422061 15.0 2575
1750650428473 15.0 2576
1750650434956 15.0 2577
1750650442634 15.0 2578
1750650455507 15.0 2579
1750650461913 15.0 2580
1750650468270 15.0 2581
1750650474657 15.0 2582
1750650488967 15.0 2583
1750650493079 15.0 2584
1750650499483 15.0 2585
1750650505886 15.0 2586
1750650518457 15.0 2587
1750650524781 15.0 2588
1750650531770 15.0 2589
1750650538311 15.0 2590
1750650549421 15.0 2591
1750650555934 15.0 2592
1750650566408 15.0 2593
1750650572771 15.0 2594
1750650579167 15.0 2595
1750650585480 15.0 2596
1750650598380 15.0 2597
1750650604699 15.0 2598
1750650611079 15.0 2599
1750650617484 15.0 2600
1750650628708 15.0 2601
1750650634949 15.0 2602
1750650641424 15.0 2603
1750650647846 15.0 2604
1750650656709 15.0 2605
1750650665247 15.0 2606
1750650673238 15.0 2607
1750650679681 15.0 2608
1750650687919 15.0 2609
1750650697969 15.0 2610
1750650707558 15.0 2611
1750650713918 15.0 2612
1750650721447 15.0 2613
1750650728044 15.0 2614
1750650734456 15.0 2615
1750650740922 15.0 2616
1750650753931 15.0 2617
1750650760625 15.0 2618
1750650766972 15.0 2619
1750650773421 15.0 2620
1750650784693 15.0 2621
1750650800175 15.0 2622
1750650806352 15.0 2623
1750650810721 15.0 2624
1750650814759 15.0 2625
1750650830638 15.0 2626
1750650837100 15.0 2627
1750650843559 15.0 2628
1750650854610 15.0 2629
1750650858631 15.0 2630
1750650865041 15.0 2631
1750650871391 15.0 2632
1750650888047 15.0 2633
1750650892063 15.0 2634
1750650896306 15.0 2635
1750650900503 15.0 2636
1750650915872 15.0 2637
1750650919637 15.0 2638
1750650923025 15.0 2639
1750651227676 15.0 2639
1750651261452 16.0 2640
1750651267851 16.0 2641
1750651274155 16.0 2642
1750651280514 16.0 2643
1750651289765 16.0 2644
1750651298106 16.0 2645
1750651304493 16.0 2646
1750651310787 16.0 2647
1750651318768 16.0 2648
1750651333854 16.0 2649
1750651340231 16.0 2650
1750651346178 16.0 2651
1750651352699 16.0 2652
1750651362081 16.0 2653
1750651368476 16.0 2654
1750651374830 16.0 2655
1750651382694 16.0 2656
1750651391583 16.0 2657
1750651398410 16.0 2658
1750651404781 16.0 2659
1750651416907 16.0 2660
1750651423191 16.0 2661
1750651429650 16.0 2662
1750651436083 16.0 2663
1750651447966 16.0 2664
1750651454361 16.0 2665
1750651460852 16.0 2666
1750651467281 16.0 2667
1750651481241 16.0 2668
1750651486066 16.0 2669
1750651491857 16.0 2670
1750651496200 16.0 2671
1750651511709 16.0 2672
1750651515801 16.0 2673
1750651524788 16.0 2674
1750651531399 16.0 2675
1750651539831 16.0 2676
1750651551557 16.0 2677
1750651558890 16.0 2678
1750651565331 16.0 2679
1750651573530 16.0 2680
1750651585535 16.0 2681
1750651590419 16.0 2682
1750651596949 16.0 2683
1750651603293 16.0 2684
1750651619208 16.0 2685
1750651625688 16.0 2686
1750651632051 16.0 2687
1750651638411 16.0 2688
1750651647673 16.0 2689
1750651662250 16.0 2690
1750651668773 16.0 2691
1750651675225 16.0 2692
1750651681601 16.0 2693
1750651694646 16.0 2694
1750651701002 16.0 2695
1750651707431 16.0 2696
1750651713834 16.0 2697
1750651730062 16.0 2698
1750651734132 16.0 2699
1750651738184 16.0 2700
1750651742353 16.0 2701
1750651765050 16.0 2702
1750651771260 16.0 2703
1750651778065 16.0 2704
1750651784460 16.0 2705
1750651796896 16.0 2706
1750651801691 16.0 2707
1750651807954 16.0 2708
1750651812011 16.0 2709
1750651827457 16.0 2710
1750651833816 16.0 2711
1750651840368 16.0 2712
1750651846829 16.0 2713
1750651860502 16.0 2714
1750651866921 16.0 2715
1750651873298 16.0 2716
1750651879710 16.0 2717
1750651894828 16.0 2718
1750651901131 16.0 2719
1750651907618 16.0 2720
1750651914035 16.0 2721
1750651926391 16.0 2722
1750651932679 16.0 2723
1750651939024 16.0 2724
1750651944962 16.0 2725
1750651961174 16.0 2726
1750651967572 16.0 2727
1750651974012 16.0 2728
1750651980533 16.0 2729
1750651994616 16.0 2730
1750651999831 16.0 2731
1750652003842 16.0 2732
1750652007878 16.0 2733
1750652025992 16.0 2734
1750652032445 16.0 2735
1750652038843 16.0 2736
1750652044599 16.0 2737
1750652056945 16.0 2738
1750652063274 16.0 2739
1750652069722 16.0 2740
1750652076252 16.0 2741
1750652092436 16.0 2742
1750652098181 16.0 2743
1750652102429 16.0 2744
1750652106491 16.0 2745
1750652123599 16.0 2746
1750652129134 16.0 2747
1750652134976 16.0 2748
1750652139036 16.0 2749
1750652154017 16.0 2750
1750652160438 16.0 2751
1750652166908 16.0 2752
1750652173249 16.0 2753
1750652183642 16.0 2754
1750652190189 16.0 2755
1750652196620 16.0 2756
1750652203107 16.0 2757
1750652211316 16.0 2758
1750652217706 16.0 2759
1750652224208 16.0 2760
1750652230652 16.0 2761
1750652247605 16.0 2762
1750652251724 16.0 2763
1750652255809 16.0 2764
1750652260698 16.0 2765
1750652281948 16.0 2766
1750652288049 16.0 2767
1750652292900 16.0 2768
1750652299394 16.0 2769
1750652317705 16.0 2770
1750652323931 16.0 2771
1750652327992 16.0 2772
1750652334397 16.0 2773
1750652348963 16.0 2774
1750652354422 16.0 2775
1750652359971 16.0 2776
1750652364177 16.0 2777
1750652381749 16.0 2778
1750652385719 16.0 2779
1750652389734 16.0 2780
1750652393895 16.0 2781
1750652413154 16.0 2782
1750652418020 16.0 2783
1750652424326 16.0 2784
1750652431192 16.0 2785
1750652441254 16.0 2786
1750652447769 16.0 2787
1750652454061 16.0 2788
1750652459975 16.0 2789
1750652477299 16.0 2790
1750652481308 16.0 2791
1750652485366 16.0 2792
1750652489570 16.0 2793
1750652509921 16.0 2794
1750652515841 16.0 2795
1750652520087 16.0 2796
1750652524168 16.0 2797
1750652537780 16.0 2798
1750652541884 16.0 2799
1750652545941 16.0 2800
1750652549767 16.0 2801
1750652564078 16.0 2802
1750652567843 16.0 2803
1750652571225 16.0 2804
1750652874810 16.0 2804
1750652907130 17.0 2805
1750652913488 17.0 2806
1750652919837 17.0 2807
1750652926228 17.0 2808
1750652945665 17.0 2809
1750652952011 17.0 2810
1750652958366 17.0 2811
1750652965146 17.0 2812
1750652978071 17.0 2813
1750652984487 17.0 2814
1750652990778 17.0 2815
1750652997198 17.0 2816
1750653009784 17.0 2817
1750653013841 17.0 2818
1750653017852 17.0 2819
1750653021955 17.0 2820
1750653048044 17.0 2821
1750653052074 17.0 2822
1750653058432 17.0 2823
1750653064890 17.0 2824
1750653081152 17.0 2825
1750653085327 17.0 2826
1750653089390 17.0 2827
1750653093359 17.0 2828
1750653111055 17.0 2829
1750653117509 17.0 2830
1750653123858 17.0 2831
1750653130329 17.0 2832
1750653138806 17.0 2833
1750653145240 17.0 2834
1750653151680 17.0 2835
1750653158056 17.0 2836
1750653166923 17.0 2837
1750653173343 17.0 2838
1750653180148 17.0 2839
1750653186569 17.0 2840
1750653194708 17.0 2841
1750653201169 17.0 2842
1750653206233 17.0 2843
1750653212662 17.0 2844
1750653230895 17.0 2845
1750653234948 17.0 2846
1750653239732 17.0 2847
1750653246067 17.0 2848
1750653261337 17.0 2849
1750653267593 17.0 2850
1750653274100 17.0 2851
1750653280975 17.0 2852
1750653294515 17.0 2853
1750653300881 17.0 2854
1750653307289 17.0 2855
1750653313761 17.0 2856
1750653322578 17.0 2857
1750653328854 17.0 2858
1750653335243 17.0 2859
1750653340385 17.0 2860
1750653356304 17.0 2861
1750653361111 17.0 2862
1750653366999 17.0 2863
1750653373274 17.0 2864
1750653390014 17.0 2865
1750653395152 17.0 2866
1750653401561 17.0 2867
1750653405695 17.0 2868
1750653421785 17.0 2869
1750653428150 17.0 2870
1750653432239 17.0 2871
1750653436296 17.0 2872
1750653454503 17.0 2873
1750653461014 17.0 2874
1750653467434 17.0 2875
1750653473787 17.0 2876
1750653487536 17.0 2877
1750653493998 17.0 2878
1750653498477 17.0 2879
1750653502590 17.0 2880
1750653516414 17.0 2881
1750653522866 17.0 2882
1750653531943 17.0 2883
1750653538390 17.0 2884
1750653547227 17.0 2885
1750653553749 17.0 2886
1750653569954 17.0 2887
1750653576456 17.0 2888
1750653582931 17.0 2889
1750653589267 17.0 2890
1750653602283 17.0 2891
1750653608634 17.0 2892
1750653615425 17.0 2893
1750653620658 17.0 2894
1750653636746 17.0 2895
1750653643199 17.0 2896
1750653649534 17.0 2897
1750653655975 17.0 2898
1750653669221 17.0 2899
1750653675643 17.0 2900
1750653682048 17.0 2901
1750653688515 17.0 2902
1750653703167 17.0 2903
1750653709620 17.0 2904
1750653716022 17.0 2905
1750653722838 17.0 2906
1750653735671 17.0 2907
1750653742129 17.0 2908
1750653747990 17.0 2909
1750653754448 17.0 2910
1750653763429 17.0 2911
1750653769854 17.0 2912
1750653774386 17.0 2913
1750653780807 17.0 2914
1750653798790 17.0 2915
1750653805034 17.0 2916
1750653811418 17.0 2917
1750653817376 17.0 2918
1750653827847 17.0 2919
1750653834262 17.0 2920
1750653840649 17.0 2921
1750653845394 17.0 2922
1750653855993 17.0 2923
1750653860121 17.0 2924
1750653864226 17.0 2925
1750653871029 17.0 2926
1750653886643 17.0 2927
1750653892914 17.0 2928
1750653899305 17.0 2929
1750653905761 17.0 2930
1750653920066 17.0 2931
1750653926488 17.0 2932
1750653933289 17.0 2933
1750653939696 17.0 2934
1750653953471 17.0 2935
1750653959930 17.0 2936
1750653966363 17.0 2937
1750653972741 17.0 2938
1750653981884 17.0 2939
1750653988408 17.0 2940
1750653994831 17.0 2941
1750654001150 17.0 2942
1750654009496 17.0 2943
1750654015940 17.0 2944
1750654022302 17.0 2945
1750654031138 17.0 2946
1750654039460 17.0 2947
1750654044664 17.0 2948
1750654054163 17.0 2949
1750654064790 17.0 2950
1750654072673 17.0 2951
1750654079086 17.0 2952
1750654086740 17.0 2953
1750654093741 17.0 2954
1750654102984 17.0 2955
1750654107081 17.0 2956
1750654120531 17.0 2957
1750654126966 17.0 2958
1750654133719 17.0 2959
1750654140214 17.0 2960
1750654157817 17.0 2961
1750654164154 17.0 2962
1750654170590 17.0 2963
1750654176776 17.0 2964
1750654183955 17.0 2965
1750654188210 17.0 2966
1750654198389 17.0 2967
1750654202209 17.0 2968
1750654208680 17.0 2969
1750654515913 17.0 2969
1750654549981 18.0 2970
1750654556255 18.0 2971
1750654560308 18.0 2972
1750654566959 18.0 2973
1750654581794 18.0 2974
1750654586884 18.0 2975
1750654593283 18.0 2976
1750654599679 18.0 2977
1750654609592 18.0 2978
1750654615871 18.0 2979
1750654622278 18.0 2980
1750654627090 18.0 2981
1750654643259 18.0 2982
1750654649587 18.0 2983
1750654656033 18.0 2984
1750654662580 18.0 2985
1750654676559 18.0 2986
1750654683317 18.0 2987
1750654689620 18.0 2988
1750654696024 18.0 2989
1750654706548 18.0 2990
1750654714214 18.0 2991
1750654720573 18.0 2992
1750654724610 18.0 2993
1750654734395 18.0 2994
1750654747217 18.0 2995
1750654753740 18.0 2996
1750654757928 18.0 2997
1750654762093 18.0 2998
1750654779832 18.0 2999
1750654786668 18.0 3000
1750654793111 18.0 3001
1750654797181 18.0 3002
1750654807653 18.0 3003
1750654814087 18.0 3004
1750654824115 18.0 3005
1750654830379 18.0 3006
1750654838940 18.0 3007
1750654845326 18.0 3008
1750654863033 18.0 3009
1750654869440 18.0 3010
1750654875716 18.0 3011
1750654882157 18.0 3012
1750654893866 18.0 3013
1750654900308 18.0 3014
1750654906739 18.0 3015
1750654913200 18.0 3016
1750654924179 18.0 3017
1750654930662 18.0 3018
1750654937143 18.0 3019
1750654943551 18.0 3020
1750654955209 18.0 3021
1750654960069 18.0 3022
1750654966709 18.0 3023
1750654973144 18.0 3024
1750654991668 18.0 3025
1750654998448 18.0 3026
1750655004784 18.0 3027
1750655011182 18.0 3028
1750655020899 18.0 3029
1750655027298 18.0 3030
1750655033650 18.0 3031
1750655041229 18.0 3032
1750655050132 18.0 3033
1750655056590 18.0 3034
1750655062826 18.0 3035
1750655077985 18.0 3036
1750655084320 18.0 3037
1750655090678 18.0 3038
1750655097064 18.0 3039
1750655106583 18.0 3040
1750655116580 18.0 3041
1750655120962 18.0 3042
1750655125704 18.0 3043
1750655143105 18.0 3044
1750655149763 18.0 3045
1750655156145 18.0 3046
1750655162693 18.0 3047
1750655178149 18.0 3048
1750655184502 18.0 3049
1750655189345 18.0 3050
1750655194260 18.0 3051
1750655208525 18.0 3052
1750655215414 18.0 3053
1750655221923 18.0 3054
1750655228371 18.0 3055
1750655240075 18.0 3056
1750655245819 18.0 3057
1750655251991 18.0 3058
1750655256090 18.0 3059
1750655270481 18.0 3060
1750655276895 18.0 3061
1750655281563 18.0 3062
1750655292564 18.0 3063
1750655300863 18.0 3064
1750655307336 18.0 3065
1750655314293 18.0 3066
1750655326461 18.0 3067
1750655335283 18.0 3068
1750655341617 18.0 3069
1750655348044 18.0 3070
1750655356695 18.0 3071
1750655369432 18.0 3072
1750655375813 18.0 3073
1750655381916 18.0 3074
1750655388430 18.0 3075
1750655403440 18.0 3076
1750655409884 18.0 3077
1750655416331 18.0 3078
1750655420489 18.0 3079
1750655432391 18.0 3080
1750655438820 18.0 3081
1750655444511 18.0 3082
1750655450917 18.0 3083
1750655460848 18.0 3084
1750655467174 18.0 3085
1750655473684 18.0 3086
1750655480657 18.0 3087
1750655492975 18.0 3088
1750655499396 18.0 3089
1750655505881 18.0 3090
1750655512968 18.0 3091
1750655521585 18.0 3092
1750655530833 18.0 3093
1750655537203 18.0 3094
1750655549153 18.0 3095
1750655555594 18.0 3096
1750655561942 18.0 3097
1750655568327 18.0 3098
1750655582406 18.0 3099
1750655588850 18.0 3100
1750655595305 18.0 3101
1750655601671 18.0 3102
1750655614227 18.0 3103
1750655620560 18.0 3104
1750655627024 18.0 3105
1750655633833 18.0 3106
1750655646977 18.0 3107
1750655653251 18.0 3108
1750655659707 18.0 3109
1750655666146 18.0 3110
1750655679535 18.0 3111
1750655687385 18.0 3112
1750655693383 18.0 3113
1750655699786 18.0 3114
1750655717415 18.0 3115
1750655723957 18.0 3116
1750655730438 18.0 3117
1750655736425 18.0 3118
1750655751071 18.0 3119
1750655757963 18.0 3120
1750655764474 18.0 3121
1750655770971 18.0 3122
1750655787230 18.0 3123
1750655791306 18.0 3124
1750655795418 18.0 3125
1750655799470 18.0 3126
1750655818519 18.0 3127
1750655824947 18.0 3128
1750655829412 18.0 3129
1750655833242 18.0 3130
1750655846509 18.0 3131
1750655850267 18.0 3132
1750655854309 18.0 3133
1750655857694 18.0 3134
1750656167460 18.0 3134
1750656201391 19.0 3135
1750656207718 19.0 3136
1750656214124 19.0 3137
1750656220491 19.0 3138
1750656229182 19.0 3139
1750656235596 19.0 3140
1750656242033 19.0 3141
1750656248329 19.0 3142
1750656262164 19.0 3143
1750656268546 19.0 3144
1750656272667 19.0 3145
1750656277431 19.0 3146
1750656290616 19.0 3147
1750656299452 19.0 3148
1750656305850 19.0 3149
1750656312275 19.0 3150
1750656328564 19.0 3151
1750656334061 19.0 3152
1750656340373 19.0 3153
1750656346862 19.0 3154
1750656356985 19.0 3155
1750656365855 19.0 3156
1750656372278 19.0 3157
1750656378701 19.0 3158
1750656387680 19.0 3159
1750656396207 19.0 3160
1750656400340 19.0 3161
1750656404446 19.0 3162
1750656422345 19.0 3163
1750656435513 19.0 3164
1750656441956 19.0 3165
1750656448282 19.0 3166
1750656453029 19.0 3167
1750656467236 19.0 3168
1750656473740 19.0 3169
1750656480100 19.0 3170
1750656487584 19.0 3171
1750656498425 19.0 3172
1750656504802 19.0 3173
1750656511535 19.0 3174
1750656518261 19.0 3175
1750656529076 19.0 3176
1750656535558 19.0 3177
1750656541949 19.0 3178
1750656549245 19.0 3179
1750656556985 19.0 3180
1750656563281 19.0 3181
1750656569757 19.0 3182
1750656580139 19.0 3183
1750656590404 19.0 3184
1750656596813 19.0 3185
1750656603264 19.0 3186
1750656611464 19.0 3187
1750656629270 19.0 3188
1750656635713 19.0 3189
1750656642169 19.0 3190
1750656648399 19.0 3191
1750656660475 19.0 3192
1750656666986 19.0 3193
1750656673541 19.0 3194
1750656679985 19.0 3195
1750656691432 19.0 3196
1750656698018 19.0 3197
1750656704494 19.0 3198
1750656710751 19.0 3199
1750656724772 19.0 3200
1750656729250 19.0 3201
1750656733384 19.0 3202
1750656739737 19.0 3203
1750656755752 19.0 3204
1750656762162 19.0 3205
1750656768601 19.0 3206
1750656775043 19.0 3207
1750656787007 19.0 3208
1750656793399 19.0 3209
1750656798753 19.0 3210
1750656805122 19.0 3211
1750656820325 19.0 3212
1750656826706 19.0 3213
1750656833549 19.0 3214
1750656837922 19.0 3215
1750656851087 19.0 3216
1750656857474 19.0 3217
1750656863895 19.0 3218
1750656870420 19.0 3219
1750656886439 19.0 3220
1750656892819 19.0 3221
1750656899249 19.0 3222
1750656905553 19.0 3223
1750656922378 19.0 3224
1750656926450 19.0 3225
1750656932850 19.0 3226
1750656939187 19.0 3227
1750656955784 19.0 3228
1750656962091 19.0 3229
1750656967741 19.0 3230
1750656971908 19.0 3231
1750656984288 19.0 3232
1750656990690 19.0 3233
1750656997272 19.0 3234
1750657003738 19.0 3235
1750657019953 19.0 3236
1750657024666 19.0 3237
1750657028709 19.0 3238
1750657032756 19.0 3239
1750657052431 19.0 3240
1750657059340 19.0 3241
1750657065697 19.0 3242
1750657072122 19.0 3243
1750657081668 19.0 3244
1750657088076 19.0 3245
1750657093455 19.0 3246
1750657097923 19.0 3247
1750657115691 19.0 3248
1750657122051 19.0 3249
1750657126761 19.0 3250
1750657133163 19.0 3251
1750657146455 19.0 3252
1750657152980 19.0 3253
1750657159039 19.0 3254
1750657163079 19.0 3255
1750657176425 19.0 3256
1750657182804 19.0 3257
1750657187756 19.0 3258
1750657191875 19.0 3259
1750657206349 19.0 3260
1750657212471 19.0 3261
1750657218447 19.0 3262
1750657224939 19.0 3263
1750657237072 19.0 3264
1750657243371 19.0 3265
1750657248251 19.0 3266
1750657254703 19.0 3267
1750657272927 19.0 3268
1750657279407 19.0 3269
1750657285885 19.0 3270
1750657292347 19.0 3271
1750657299056 19.0 3272
1750657303044 19.0 3273
1750657310213 19.0 3274
1750657314614 19.0 3275
1750657333851 19.0 3276
1750657340250 19.0 3277
1750657345133 19.0 3278
1750657351560 19.0 3279
1750657365951 19.0 3280
1750657370360 19.0 3281
1750657374474 19.0 3282
1750657378821 19.0 3283
1750657399132 19.0 3284
1750657404586 19.0 3285
1750657411060 19.0 3286
1750657417350 19.0 3287
1750657437231 19.0 3288
1750657441929 19.0 3289
1750657446052 19.0 3290
1750657450190 19.0 3291
1750657462808 19.0 3292
1750657466973 19.0 3293
1750657471300 19.0 3294
1750657475286 19.0 3295
1750657491741 19.0 3296
1750657495500 19.0 3297
1750657499271 19.0 3298
1750657502683 19.0 3299
1750657809030 19.0 3299
