1749038211770 0.0 0
1749038223146 0.0 1
1749038230941 0.0 2
1749038238967 0.0 3
1749038284129 0.0 4
1749038296348 0.0 5
1749038308886 0.0 6
1749038321141 0.0 7
1749038348804 0.0 8
1749038361327 0.0 9
1749038373633 0.0 10
1749038385968 0.0 11
1749038394971 0.0 12
1749038407409 0.0 13
1749038416433 0.0 14
1749038428710 0.0 15
1749038454382 0.0 16
1749038466856 0.0 17
1749038480260 0.0 18
1749038493113 0.0 19
1749038505504 0.0 20
1749038517992 0.0 21
1749038540676 0.0 22
1749038553113 0.0 23
1749038565621 0.0 24
1749038575767 0.0 25
1749038601167 0.0 26
1749038613809 0.0 27
1749038626447 0.0 28
1749038636847 0.0 29
1749038657203 0.0 30
1749038669765 0.0 31
1749038682466 0.0 32
1749038690725 0.0 33
1749038710570 0.0 34
1749038723398 0.0 35
1749038735988 0.0 36
1749038748549 0.0 37
1749038776882 0.0 38
1749038788964 0.0 39
1749038796769 0.0 40
1749038804590 0.0 41
1749038833044 0.0 42
1749038845469 0.0 43
1749038858205 0.0 44
1749038868010 0.0 45
1749038886092 0.0 46
1749038898479 0.0 47
1749038912309 0.0 48
1749038924920 0.0 49
1749038943046 0.0 50
1749038951797 0.0 51
1749038974345 0.0 52
1749038986834 0.0 53
1749038996717 0.0 54
1749039005976 0.0 55
1749039025972 0.0 56
1749039037980 0.0 57
1749039056714 0.0 58
1749039064864 0.0 59
1749039084678 0.0 60
1749039102903 0.0 61
1749039115559 0.0 62
1749039128329 0.0 63
1749039147377 0.0 64
1749039162033 0.0 65
1749039174688 0.0 66
1749039187201 0.0 67
1749039206513 0.0 68
1749039219142 0.0 69
1749039234647 0.0 70
1749039244954 0.0 71
1749039263603 0.0 72
1749039274993 0.0 73
1749039296082 0.0 74
1749039308659 0.0 75
1749039320024 0.0 76
1749039334298 0.0 77
1749039351006 0.0 78
1749039358939 0.0 79
1749039375166 0.0 80
1749039382382 0.0 81
1749039385584 0.0 82
1749039670478 0.0 82
1749039733228 1.0 83
1749039745645 1.0 84
1749039758113 1.0 85
1749039770841 1.0 86
1749039788810 1.0 87
1749039801193 1.0 88
1749039813673 1.0 89
1749039826503 1.0 90
1749039850630 1.0 91
1749039863235 1.0 92
1749039873671 1.0 93
1749039885185 1.0 94
1749039916176 1.0 95
1749039928987 1.0 96
1749039941513 1.0 97
1749039954111 1.0 98
1749039967670 1.0 99
1749039976878 1.0 100
1749039984826 1.0 101
1749039997647 1.0 102
1749040020639 1.0 103
1749040032856 1.0 104
1749040045357 1.0 105
1749040058127 1.0 106
1749040076788 1.0 107
1749040091891 1.0 108
1749040099882 1.0 109
1749040109208 1.0 110
1749040127858 1.0 111
1749040149451 1.0 112
1749040162034 1.0 113
1749040174646 1.0 114
1749040187587 1.0 115
1749040211800 1.0 116
1749040219612 1.0 117
1749040232445 1.0 118
1749040246203 1.0 119
1749040278752 1.0 120
1749040291591 1.0 121
1749040302092 1.0 122
1749040311297 1.0 123
1749040335967 1.0 124
1749040348726 1.0 125
1749040361345 1.0 126
1749040373480 1.0 127
1749040391548 1.0 128
1749040404127 1.0 129
1749040416743 1.0 130
1749040429622 1.0 131
1749040449174 1.0 132
1749040461701 1.0 133
1749040474328 1.0 134
1749040487013 1.0 135
1749040497829 1.0 136
1749040509879 1.0 137
1749040522448 1.0 138
1749040540727 1.0 139
1749040562654 1.0 140
1749040574290 1.0 141
1749040582244 1.0 142
1749040613434 1.0 143
1749040626246 1.0 144
1749040638892 1.0 145
1749040651767 1.0 146
1749040672464 1.0 147
1749040683425 1.0 148
1749040692724 1.0 149
1749040705461 1.0 150
1749040735605 1.0 151
1749040746527 1.0 152
1749040759228 1.0 153
1749040769304 1.0 154
1749040795803 1.0 155
1749040808491 1.0 156
1749040816698 1.0 157
1749040829093 1.0 158
1749040851386 1.0 159
1749040859710 1.0 160
1749040867487 1.0 161
1749040875013 1.0 162
1749040898860 1.0 163
1749040906039 1.0 164
1749040909230 1.0 165
1749041193216 1.0 165
1749041255667 2.0 166
1749041267969 2.0 167
1749041277232 2.0 168
1749041289733 2.0 169
1749041305810 2.0 170
1749041326508 2.0 171
1749041338869 2.0 172
1749041351479 2.0 173
1749041367163 2.0 174
1749041389059 2.0 175
1749041401858 2.0 176
1749041414462 2.0 177
1749041423695 2.0 178
1749041449926 2.0 179
1749041462537 2.0 180
1749041475184 2.0 181
1749041483478 2.0 182
1749041514312 2.0 183
1749041522141 2.0 184
1749041534962 2.0 185
1749041547482 2.0 186
1749041577634 2.0 187
1749041587773 2.0 188
1749041595782 2.0 189
1749041607224 2.0 190
1749041635152 2.0 191
1749041647986 2.0 192
1749041660594 2.0 193
1749041673290 2.0 194
1749041687452 2.0 195
1749041695200 2.0 196
1749041707308 2.0 197
1749041733636 2.0 198
1749041741427 2.0 199
1749041749235 2.0 200
1749041758101 2.0 201
1749041787207 2.0 202
1749041807170 2.0 203
1749041820067 2.0 204
1749041832596 2.0 205
1749041840405 2.0 206
1749041867993 2.0 207
1749041880316 2.0 208
1749041892820 2.0 209
1749041905663 2.0 210
1749041932005 2.0 211
1749041943501 2.0 212
1749041951267 2.0 213
1749041959182 2.0 214
1749041993034 2.0 215
1749042004630 2.0 216
1749042017489 2.0 217
1749042030214 2.0 218
1749042054198 2.0 219
1749042062883 2.0 220
1749042075564 2.0 221
1749042088098 2.0 222
1749042119483 2.0 223
1749042127332 2.0 224
1749042139756 2.0 225
1749042152315 2.0 226
1749042177282 2.0 227
1749042185508 2.0 228
1749042194702 2.0 229
1749042207572 2.0 230
1749042232795 2.0 231
1749042245376 2.0 232
1749042256231 2.0 233
1749042264049 2.0 234
1749042291688 2.0 235
1749042304066 2.0 236
1749042313385 2.0 237
1749042325931 2.0 238
1749042356224 2.0 239
1749042365807 2.0 240
1749042373543 2.0 241
1749042381322 2.0 242
1749042400639 2.0 243
1749042407920 2.0 244
1749042415139 2.0 245
1749042422513 2.0 246
1749042447599 2.0 247
1749042450785 2.0 248
1749042729455 2.0 248
1749042791733 3.0 249
1749042800202 3.0 250
1749042807930 3.0 251
1749042815704 3.0 252
1749042857342 3.0 253
1749042869715 3.0 254
1749042882019 3.0 255
1749042889994 3.0 256
1749042909773 3.0 257
1749042922364 3.0 258
1749042932494 3.0 259
1749042941708 3.0 260
1749042966052 3.0 261
1749042976965 3.0 262
1749042989419 3.0 263
1749042999985 3.0 264
1749043021446 3.0 265
1749043033865 3.0 266
1749043044996 3.0 267
1749043053378 3.0 268
1749043075505 3.0 269
1749043088264 3.0 270
1749043100887 3.0 271
1749043113753 3.0 272
1749043142139 3.0 273
1749043152208 3.0 274
1749043159959 3.0 275
1749043167744 3.0 276
1749043199836 3.0 277
1749043207857 3.0 278
1749043215667 3.0 279
1749043223464 3.0 280
1749043252566 3.0 281
1749043265197 3.0 282
1749043290136 3.0 283
1749043302998 3.0 284
1749043313736 3.0 285
1749043322186 3.0 286
1749043343304 3.0 287
1749043355948 3.0 288
1749043371005 3.0 289
1749043381265 3.0 290
1749043403443 3.0 291
1749043416076 3.0 292
1749043428680 3.0 293
1749043441732 3.0 294
1749043458695 3.0 295
1749043477588 3.0 296
1749043490500 3.0 297
1749043499791 3.0 298
1749043513574 3.0 299
1749043536098 3.0 300
1749043548661 3.0 301
1749043561284 3.0 302
1749043577539 3.0 303
1749043592015 3.0 304
1749043601163 3.0 305
1749043613702 3.0 306
1749043641052 3.0 307
1749043662306 3.0 308
1749043674670 3.0 309
1749043686193 3.0 310
1749043703827 3.0 311
1749043719431 3.0 312
1749043732214 3.0 313
1749043744849 3.0 314
1749043760256 3.0 315
1749043781655 3.0 316
1749043794228 3.0 317
1749043806792 3.0 318
1749043819633 3.0 319
1749043833491 3.0 320
1749043846176 3.0 321
1749043859011 3.0 322
1749043875452 3.0 323
1749043884653 3.0 324
1749043897495 3.0 325
1749043910118 3.0 326
1749043934695 3.0 327
1749043942093 3.0 328
1749043949606 3.0 329
1749043956812 3.0 330
1749043960001 3.0 331
1749044244793 3.0 331
1749044307353 4.0 332
1749044319914 4.0 333
1749044329440 4.0 334
1749044342230 4.0 335
1749044358847 4.0 336
1749044366567 4.0 337
1749044374351 4.0 338
1749044382296 4.0 339
1749044410375 4.0 340
1749044430018 4.0 341
1749044442789 4.0 342
1749044455315 4.0 343
1749044467887 4.0 344
1749044499728 4.0 345
1749044512216 4.0 346
1749044524721 4.0 347
1749044537503 4.0 348
1749044557222 4.0 349
1749044569864 4.0 350
1749044578202 4.0 351
1749044585938 4.0 352
1749044616946 4.0 353
1749044629331 4.0 354
1749044642252 4.0 355
1749044654894 4.0 356
1749044667990 4.0 357
1749044680672 4.0 358
1749044693226 4.0 359
1749044705725 4.0 360
1749044720744 4.0 361
1749044735667 4.0 362
1749044748260 4.0 363
1749044761090 4.0 364
1749044789326 4.0 365
1749044800028 4.0 366
1749044808028 4.0 367
1749044815870 4.0 368
1749044840872 4.0 369
1749044861605 4.0 370
1749044869498 4.0 371
1749044877322 4.0 372
1749044900327 4.0 373
1749044919335 4.0 374
1749044931822 4.0 375
1749044943215 4.0 376
1749044959774 4.0 377
1749044967876 4.0 378
1749044986687 4.0 379
1749044997734 4.0 380
1749045029617 4.0 381
1749045042197 4.0 382
1749045054874 4.0 383
1749045066924 4.0 384
1749045093999 4.0 385
1749045106896 4.0 386
1749045116220 4.0 387
1749045123992 4.0 388
1749045154809 4.0 389
1749045162620 4.0 390
1749045170370 4.0 391
1749045178251 4.0 392
1749045223343 4.0 393
1749045231174 4.0 394
1749045239927 4.0 395
1749045252438 4.0 396
1749045291779 4.0 397
1749045304297 4.0 398
1749045312246 4.0 399
1749045319987 4.0 400
1749045347516 4.0 401
1749045360269 4.0 402
1749045370813 4.0 403
1749045381053 4.0 404
1749045399089 4.0 405
1749045411645 4.0 406
1749045424194 4.0 407
1749045435899 4.0 408
1749045445516 4.0 409
1749045452791 4.0 410
1749045460070 4.0 411
1749045467520 4.0 412
1749045492869 4.0 413
1749045496028 4.0 414
1749045774934 4.0 414
1749045837222 5.0 415
1749045849674 5.0 416
1749045862058 5.0 417
1749045874590 5.0 418
1749045898808 5.0 419
1749045911314 5.0 420
1749045923893 5.0 421
1749045936639 5.0 422
1749045944423 5.0 423
1749045957001 5.0 424
1749045969879 5.0 425
1749045982427 5.0 426
1749046010613 5.0 427
1749046023373 5.0 428
1749046035934 5.0 429
1749046048083 5.0 430
1749046072398 5.0 431
1749046084900 5.0 432
1749046097519 5.0 433
1749046110378 5.0 434
1749046119637 5.0 435
1749046132259 5.0 436
1749046148643 5.0 437
1749046161423 5.0 438
1749046176713 5.0 439
1749046189183 5.0 440
1749046208946 5.0 441
1749046221525 5.0 442
1749046234122 5.0 443
1749046252075 5.0 444
1749046267754 5.0 445
1749046280353 5.0 446
1749046293222 5.0 447
1749046312846 5.0 448
1749046325416 5.0 449
1749046334300 5.0 450
1749046342043 5.0 451
1749046368000 5.0 452
1749046384201 5.0 453
1749046392911 5.0 454
1749046400696 5.0 455
1749046421883 5.0 456
1749046450188 5.0 457
1749046462679 5.0 458
1749046475518 5.0 459
1749046488156 5.0 460
1749046517010 5.0 461
1749046529437 5.0 462
1749046542350 5.0 463
1749046554849 5.0 464
1749046573553 5.0 465
1749046586413 5.0 466
1749046599012 5.0 467
1749046607174 5.0 468
1749046632527 5.0 469
1749046645131 5.0 470
1749046657836 5.0 471
1749046670592 5.0 472
1749046691458 5.0 473
1749046701980 5.0 474
1749046714551 5.0 475
1749046727401 5.0 476
1749046750649 5.0 477
1749046758526 5.0 478
1749046766552 5.0 479
1749046778974 5.0 480
1749046815805 5.0 481
1749046828498 5.0 482
1749046838184 5.0 483
1749046850757 5.0 484
1749046885295 5.0 485
1749046893141 5.0 486
1749046905673 5.0 487
1749046918483 5.0 488
1749046946904 5.0 489
1749046954818 5.0 490
1749046962707 5.0 491
1749046970015 5.0 492
1749046996251 5.0 493
1749047003475 5.0 494
1749047010867 5.0 495
1749047018100 5.0 496
1749047021294 5.0 497
1749047309486 5.0 497
1749047371761 6.0 498
1749047384265 6.0 499
1749047396699 6.0 500
1749047409118 6.0 501
1749047430378 6.0 502
1749047442996 6.0 503
1749047455639 6.0 504
1749047467161 6.0 505
1749047489602 6.0 506
1749047498384 6.0 507
1749047511216 6.0 508
1749047523799 6.0 509
1749047547785 6.0 510
1749047560522 6.0 511
1749047573021 6.0 512
1749047585612 6.0 513
1749047609971 6.0 514
1749047622550 6.0 515
1749047635268 6.0 516
1749047648168 6.0 517
1749047674334 6.0 518
1749047687123 6.0 519
1749047699776 6.0 520
1749047712385 6.0 521
1749047737260 6.0 522
1749047747063 6.0 523
1749047759634 6.0 524
1749047772189 6.0 525
1749047794665 6.0 526
1749047804265 6.0 527
1749047812033 6.0 528
1749047819892 6.0 529
1749047861084 6.0 530
1749047873745 6.0 531
1749047882920 6.0 532
1749047895647 6.0 533
1749047917916 6.0 534
1749047930531 6.0 535
1749047941957 6.0 536
1749047954437 6.0 537
1749047970181 6.0 538
1749047978773 6.0 539
1749047991635 6.0 540
1749048003000 6.0 541
1749048030788 6.0 542
1749048038865 6.0 543
1749048048153 6.0 544
1749048060876 6.0 545
1749048082211 6.0 546
1749048094578 6.0 547
1749048105166 6.0 548
1749048117952 6.0 549
1749048148496 6.0 550
1749048160964 6.0 551
1749048169523 6.0 552
1749048182153 6.0 553
1749048208368 6.0 554
1749048221324 6.0 555
1749048230197 6.0 556
1749048242863 6.0 557
1749048270759 6.0 558
1749048278859 6.0 559
1749048286875 6.0 560
1749048294767 6.0 561
1749048340283 6.0 562
1749048351448 6.0 563
1749048361493 6.0 564
1749048370975 6.0 565
1749048392532 6.0 566
1749048402268 6.0 567
1749048415048 6.0 568
1749048423391 6.0 569
1749048448684 6.0 570
1749048461703 6.0 571
1749048474379 6.0 572
1749048484858 6.0 573
1749048496564 6.0 574
1749048505173 6.0 575
1749048512779 6.0 576
1749048520380 6.0 577
1749048545192 6.0 578
1749048553558 6.0 579
1749048556817 6.0 580
1749048840790 6.0 580
1749048906177 7.0 581
1749048918729 7.0 582
1749048931299 7.0 583
1749048944137 7.0 584
1749048967736 7.0 585
1749048980326 7.0 586
1749048991182 7.0 587
1749048999214 7.0 588
1749049023108 7.0 589
1749049032041 7.0 590
1749049044772 7.0 591
1749049057211 7.0 592
1749049081764 7.0 593
1749049094079 7.0 594
1749049101883 7.0 595
1749049109700 7.0 596
1749049133948 7.0 597
1749049151936 7.0 598
1749049160173 7.0 599
1749049172708 7.0 600
1749049187727 7.0 601
1749049209367 7.0 602
1749049221839 7.0 603
1749049232389 7.0 604
1749049246550 7.0 605
1749049277452 7.0 606
1749049289094 7.0 607
1749049297383 7.0 608
1749049307381 7.0 609
1749049332461 7.0 610
1749049342302 7.0 611
1749049354376 7.0 612
1749049369786 7.0 613
1749049391634 7.0 614
1749049404167 7.0 615
1749049416320 7.0 616
1749049425588 7.0 617
1749049450889 7.0 618
1749049458868 7.0 619
1749049467360 7.0 620
1749049483199 7.0 621
1749049516827 7.0 622
1749049527129 7.0 623
1749049539861 7.0 624
1749049552391 7.0 625
1749049568766 7.0 626
1749049581455 7.0 627
1749049593599 7.0 628
1749049612869 7.0 629
1749049623625 7.0 630
1749049636337 7.0 631
1749049647010 7.0 632
1749049674327 7.0 633
1749049686055 7.0 634
1749049694083 7.0 635
1749049706642 7.0 636
1749049739240 7.0 637
1749049747355 7.0 638
1749049755172 7.0 639
1749049763180 7.0 640
1749049799085 7.0 641
1749049807073 7.0 642
1749049814842 7.0 643
1749049822937 7.0 644
1749049856883 7.0 645
1749049871517 7.0 646
1749049879481 7.0 647
1749049887573 7.0 648
1749049908056 7.0 649
1749049932907 7.0 650
1749049940980 7.0 651
1749049948784 7.0 652
1749049967560 7.0 653
1749049990074 7.0 654
1749050001110 7.0 655
1749050009499 7.0 656
1749050021595 7.0 657
1749050045447 7.0 658
1749050053223 7.0 659
1749050060925 7.0 660
1749050070558 7.0 661
1749050093594 7.0 662
1749050096785 7.0 663
1749050381845 7.0 663
1749050444934 8.0 664
1749050454213 8.0 665
1749050466812 8.0 666
1749050479289 8.0 667
1749050500931 8.0 668
1749050508782 8.0 669
1749050516751 8.0 670
1749050524711 8.0 671
1749050559786 8.0 672
1749050575229 8.0 673
1749050588122 8.0 674
1749050600701 8.0 675
1749050618241 8.0 676
1749050633585 8.0 677
1749050646096 8.0 678
1749050658719 8.0 679
1749050674658 8.0 680
1749050691574 8.0 681
1749050704117 8.0 682
1749050713813 8.0 683
1749050739683 8.0 684
1749050750134 8.0 685
1749050762765 8.0 686
1749050774957 8.0 687
1749050801757 8.0 688
1749050814397 8.0 689
1749050827311 8.0 690
1749050839931 8.0 691
1749050863882 8.0 692
1749050876740 8.0 693
1749050885229 8.0 694
1749050893126 8.0 695
1749050914689 8.0 696
1749050927277 8.0 697
1749050937238 8.0 698
1749050945538 8.0 699
1749050971418 8.0 700
1749050984023 8.0 701
1749050997972 8.0 702
1749051008802 8.0 703
1749051032650 8.0 704
1749051045085 8.0 705
1749051057992 8.0 706
1749051066267 8.0 707
1749051097296 8.0 708
1749051105352 8.0 709
1749051113813 8.0 710
1749051126516 8.0 711
1749051162954 8.0 712
1749051175593 8.0 713
1749051188194 8.0 714
1749051200924 8.0 715
1749051228356 8.0 716
1749051239989 8.0 717
1749051252855 8.0 718
1749051263611 8.0 719
1749051287181 8.0 720
1749051296749 8.0 721
1749051307395 8.0 722
1749051315459 8.0 723
1749051352715 8.0 724
1749051360698 8.0 725
1749051371909 8.0 726
1749051380403 8.0 727
1749051414577 8.0 728
1749051422402 8.0 729
1749051430510 8.0 730
1749051443375 8.0 731
1749051477262 8.0 732
1749051489943 8.0 733
1749051502797 8.0 734
1749051513746 8.0 735
1749051535339 8.0 736
1749051545456 8.0 737
1749051557138 8.0 738
1749051569720 8.0 739
1749051595173 8.0 740
1749051603618 8.0 741
1749051611320 8.0 742
1749051618654 8.0 743
1749051640673 8.0 744
1749051647877 8.0 745
1749051651076 8.0 746
1749051932886 8.0 746
1749051996016 9.0 747
1749052008649 9.0 748
1749052021148 9.0 749
1749052029153 9.0 750
1749052062035 9.0 751
1749052074725 9.0 752
1749052087277 9.0 753
1749052096894 9.0 754
1749052129248 9.0 755
1749052141865 9.0 756
1749052151497 9.0 757
1749052164132 9.0 758
1749052185762 9.0 759
1749052198308 9.0 760
1749052208671 9.0 761
1749052220721 9.0 762
1749052251563 9.0 763
1749052260898 9.0 764
1749052268739 9.0 765
1749052276836 9.0 766
1749052301695 9.0 767
1749052313302 9.0 768
1749052324608 9.0 769
1749052336236 9.0 770
1749052365860 9.0 771
1749052377456 9.0 772
1749052389338 9.0 773
1749052401315 9.0 774
1749052426629 9.0 775
1749052436599 9.0 776
1749052445287 9.0 777
1749052453091 9.0 778
1749052489205 9.0 779
1749052498030 9.0 780
1749052508439 9.0 781
1749052521267 9.0 782
1749052553234 9.0 783
1749052563382 9.0 784
1749052575824 9.0 785
1749052584453 9.0 786
1749052607440 9.0 787
1749052615345 9.0 788
1749052623417 9.0 789
1749052631297 9.0 790
1749052676890 9.0 791
1749052689795 9.0 792
1749052699639 9.0 793
1749052707838 9.0 794
1749052738116 9.0 795
1749052749323 9.0 796
1749052758894 9.0 797
1749052770679 9.0 798
1749052796372 9.0 799
1749052807245 9.0 800
1749052819907 9.0 801
1749052830589 9.0 802
1749052850788 9.0 803
1749052858641 9.0 804
1749052866705 9.0 805
1749052876820 9.0 806
1749052914009 9.0 807
1749052927001 9.0 808
1749052938920 9.0 809
1749052946900 9.0 810
1749052981652 9.0 811
1749052992207 9.0 812
1749053000207 9.0 813
1749053008455 9.0 814
1749053048631 9.0 815
1749053058109 9.0 816
1749053067241 9.0 817
1749053078249 9.0 818
1749053103714 9.0 819
1749053114972 9.0 820
1749053126485 9.0 821
1749053134843 9.0 822
1749053158280 9.0 823
1749053165941 9.0 824
1749053173393 9.0 825
1749053180625 9.0 826
1749053205557 9.0 827
1749053212778 9.0 828
1749053215974 9.0 829
1749053494865 9.0 829
1749053554958 10.0 830
1749053567779 10.0 831
1749053580292 10.0 832
1749053592890 10.0 833
1749053622019 10.0 834
1749053629768 10.0 835
1749053637671 10.0 836
1749053648289 10.0 837
1749053691142 10.0 838
1749053703814 10.0 839
1749053715742 10.0 840
1749053723594 10.0 841
1749053751837 10.0 842
1749053764159 10.0 843
1749053775056 10.0 844
1749053783886 10.0 845
1749053813391 10.0 846
1749053826022 10.0 847
1749053838134 10.0 848
1749053850716 10.0 849
1749053867978 10.0 850
1749053878240 10.0 851
1749053890880 10.0 852
1749053900078 10.0 853
1749053928530 10.0 854
1749053939319 10.0 855
1749053952002 10.0 856
1749053962501 10.0 857
1749053985484 10.0 858
1749053996236 10.0 859
1749054006310 10.0 860
1749054016309 10.0 861
1749054050919 10.0 862
1749054060495 10.0 863
1749054069718 10.0 864
1749054081218 10.0 865
1749054107683 10.0 866
1749054118796 10.0 867
1749054131221 10.0 868
1749054144106 10.0 869
1749054182291 10.0 870
1749054193668 10.0 871
1749054203250 10.0 872
1749054213846 10.0 873
1749054244987 10.0 874
1749054254981 10.0 875
1749054267477 10.0 876
1749054280065 10.0 877
1749054301705 10.0 878
1749054314175 10.0 879
1749054326666 10.0 880
1749054339372 10.0 881
1749054352240 10.0 882
1749054364634 10.0 883
1749054377289 10.0 884
1749054386523 10.0 885
1749054410065 10.0 886
1749054422562 10.0 887
1749054435224 10.0 888
1749054447838 10.0 889
1749054464814 10.0 890
1749054472733 10.0 891
1749054480507 10.0 892
1749054488315 10.0 893
1749054520214 10.0 894
1749054532778 10.0 895
1749054545347 10.0 896
1749054558095 10.0 897
1749054570630 10.0 898
1749054583181 10.0 899
1749054590971 10.0 900
1749054608154 10.0 901
1749054629302 10.0 902
1749054642153 10.0 903
1749054654536 10.0 904
1749054667300 10.0 905
1749054685233 10.0 906
1749054697955 10.0 907
1749054705898 10.0 908
1749054719568 10.0 909
1749054730632 10.0 910
1749054744698 10.0 911
1749054747886 10.0 912
1749055032693 10.0 912
1749055094337 11.0 913
1749055106915 11.0 914
1749055119118 11.0 915
1749055131295 11.0 916
1749055144294 11.0 917
1749055158594 11.0 918
1749055170960 11.0 919
1749055183520 11.0 920
1749055204813 11.0 921
1749055217304 11.0 922
1749055230009 11.0 923
1749055242507 11.0 924
1749055268100 11.0 925
1749055280778 11.0 926
1749055293158 11.0 927
1749055300962 11.0 928
1749055323551 11.0 929
1749055336240 11.0 930
1749055348600 11.0 931
1749055361095 11.0 932
1749055379187 11.0 933
1749055391468 11.0 934
1749055403821 11.0 935
1749055416602 11.0 936
1749055434616 11.0 937
1749055449317 11.0 938
1749055461973 11.0 939
1749055474464 11.0 940
1749055490510 11.0 941
1749055508880 11.0 942
1749055516562 11.0 943
1749055524295 11.0 944
1749055543576 11.0 945
1749055576829 11.0 946
1749055586006 11.0 947
1749055598709 11.0 948
1749055611089 11.0 949
1749055634950 11.0 950
1749055644218 11.0 951
1749055656916 11.0 952
1749055669547 11.0 953
1749055698584 11.0 954
1749055706628 11.0 955
1749055714471 11.0 956
1749055722232 11.0 957
1749055762337 11.0 958
1749055774714 11.0 959
1749055787081 11.0 960
1749055799697 11.0 961
1749055820879 11.0 962
1749055833279 11.0 963
1749055845524 11.0 964
1749055858183 11.0 965
1749055880033 11.0 966
1749055890807 11.0 967
1749055903268 11.0 968
1749055915735 11.0 969
1749055943386 11.0 970
1749055953533 11.0 971
1749055965973 11.0 972
1749055978442 11.0 973
1749055996809 11.0 974
1749056009178 11.0 975
1749056021760 11.0 976
1749056034524 11.0 977
1749056051498 11.0 978
1749056063894 11.0 979
1749056076559 11.0 980
1749056088510 11.0 981
1749056103651 11.0 982
1749056116161 11.0 983
1749056128823 11.0 984
1749056141217 11.0 985
1749056159930 11.0 986
1749056169810 11.0 987
1749056182181 11.0 988
1749056194582 11.0 989
1749056208945 11.0 990
1749056216369 11.0 991
1749056223620 11.0 992
1749056231084 11.0 993
1749056256183 11.0 994
1749056259381 11.0 995
1749056535430 11.0 995
1749056596976 12.0 996
1749056609618 12.0 997
1749056622051 12.0 998
1749056634338 12.0 999
1749056652488 12.0 1000
1749056661634 12.0 1001
1749056673882 12.0 1002
1749056686561 12.0 1003
1749056707859 12.0 1004
1749056720216 12.0 1005
1749056732858 12.0 1006
1749056745301 12.0 1007
1749056770808 12.0 1008
1749056783343 12.0 1009
1749056795807 12.0 1010
1749056808289 12.0 1011
1749056826907 12.0 1012
1749056842982 12.0 1013
1749056855398 12.0 1014
1749056867827 12.0 1015
1749056892376 12.0 1016
1749056904733 12.0 1017
1749056916996 12.0 1018
1749056929649 12.0 1019
1749056944069 12.0 1020
1749056956476 12.0 1021
1749056969103 12.0 1022
1749056981367 12.0 1023
1749056994374 12.0 1024
1749057012733 12.0 1025
1749057025365 12.0 1026
1749057037822 12.0 1027
1749057052351 12.0 1028
1749057065947 12.0 1029
1749057078359 12.0 1030
1749057090770 12.0 1031
1749057116283 12.0 1032
1749057128940 12.0 1033
1749057141303 12.0 1034
1749057153860 12.0 1035
1749057176098 12.0 1036
1749057188618 12.0 1037
1749057201118 12.0 1038
1749057213830 12.0 1039
1749057228019 12.0 1040
1749057236574 12.0 1041
1749057249050 12.0 1042
1749057261462 12.0 1043
1749057289086 12.0 1044
1749057301774 12.0 1045
1749057314279 12.0 1046
1749057326736 12.0 1047
1749057351646 12.0 1048
1749057364090 12.0 1049
1749057376544 12.0 1050
1749057389119 12.0 1051
1749057410181 12.0 1052
1749057422806 12.0 1053
1749057435419 12.0 1054
1749057448049 12.0 1055
1749057469139 12.0 1056
1749057481608 12.0 1057
1749057494439 12.0 1058
1749057506956 12.0 1059
1749057529246 12.0 1060
1749057540957 12.0 1061
1749057548609 12.0 1062
1749057557209 12.0 1063
1749057582893 12.0 1064
1749057595308 12.0 1065
1749057607858 12.0 1066
1749057620622 12.0 1067
1749057639341 12.0 1068
1749057647031 12.0 1069
1749057654901 12.0 1070
1749057664043 12.0 1071
1749057694158 12.0 1072
1749057705223 12.0 1073
1749057713036 12.0 1074
1749057721030 12.0 1075
1749057741336 12.0 1076
1749057748746 12.0 1077
1749057751930 12.0 1078
1749058042452 12.0 1078
1749058104410 13.0 1079
1749058114585 13.0 1080
1749058122190 13.0 1081
1749058134422 13.0 1082
1749058159388 13.0 1083
1749058171605 13.0 1084
1749058183973 13.0 1085
1749058196428 13.0 1086
1749058214746 13.0 1087
1749058226997 13.0 1088
1749058239412 13.0 1089
1749058252041 13.0 1090
1749058270905 13.0 1091
1749058288053 13.0 1092
1749058300613 13.0 1093
1749058312977 13.0 1094
1749058329345 13.0 1095
1749058341854 13.0 1096
1749058354204 13.0 1097
1749058366717 13.0 1098
1749058381959 13.0 1099
1749058399009 13.0 1100
1749058411582 13.0 1101
1749058423984 13.0 1102
1749058448305 13.0 1103
1749058460647 13.0 1104
1749058473396 13.0 1105
1749058481095 13.0 1106
1749058503977 13.0 1107
1749058516371 13.0 1108
1749058529076 13.0 1109
1749058541509 13.0 1110
1749058554133 13.0 1111
1749058571872 13.0 1112
1749058584199 13.0 1113
1749058596714 13.0 1114
1749058609991 13.0 1115
1749058627853 13.0 1116
1749058644957 13.0 1117
1749058657583 13.0 1118
1749058670125 13.0 1119
1749058682634 13.0 1120
1749058695126 13.0 1121
1749058707750 13.0 1122
1749058726020 13.0 1123
1749058738394 13.0 1124
1749058750960 13.0 1125
1749058763905 13.0 1126
1749058785956 13.0 1127
1749058798588 13.0 1128
1749058816680 13.0 1129
1749058829010 13.0 1130
1749058841666 13.0 1131
1749058854234 13.0 1132
1749058877808 13.0 1133
1749058890494 13.0 1134
1749058902852 13.0 1135
1749058915342 13.0 1136
1749058944147 13.0 1137
1749058956624 13.0 1138
1749058969043 13.0 1139
1749058981480 13.0 1140
1749059004968 13.0 1141
1749059017334 13.0 1142
1749059029788 13.0 1143
1749059042473 13.0 1144
1749059065423 13.0 1145
1749059077731 13.0 1146
1749059090362 13.0 1147
1749059102871 13.0 1148
1749059131417 13.0 1149
1749059144279 13.0 1150
1749059156725 13.0 1151
1749059169154 13.0 1152
1749059181951 13.0 1153
1749059194489 13.0 1154
1749059206911 13.0 1155
1749059216136 13.0 1156
1749059226576 13.0 1157
1749059233954 13.0 1158
1749059241235 13.0 1159
1749059248563 13.0 1160
1749059251731 13.0 1161
1749059531144 13.0 1161
1749059592751 14.0 1162
1749059605371 14.0 1163
1749059617595 14.0 1164
1749059629962 14.0 1165
1749059655969 14.0 1166
1749059668487 14.0 1167
1749059680840 14.0 1168
1749059693226 14.0 1169
1749059713369 14.0 1170
1749059725793 14.0 1171
1749059738329 14.0 1172
1749059750893 14.0 1173
1749059771029 14.0 1174
1749059783449 14.0 1175
1749059795998 14.0 1176
1749059808302 14.0 1177
1749059829030 14.0 1178
1749059841760 14.0 1179
1749059854157 14.0 1180
1749059866612 14.0 1181
1749059879856 14.0 1182
1749059892346 14.0 1183
1749059904821 14.0 1184
1749059917484 14.0 1185
1749059935418 14.0 1186
1749059947887 14.0 1187
1749059960302 14.0 1188
1749059973076 14.0 1189
1749059986228 14.0 1190
1749059998728 14.0 1191
1749060020679 14.0 1192
1749060033007 14.0 1193
1749060048485 14.0 1194
1749060061167 14.0 1195
1749060081499 14.0 1196
1749060093988 14.0 1197
1749060109952 14.0 1198
1749060122379 14.0 1199
1749060139387 14.0 1200
1749060152113 14.0 1201
1749060165503 14.0 1202
1749060178001 14.0 1203
1749060204868 14.0 1204
1749060217341 14.0 1205
1749060229779 14.0 1206
1749060242261 14.0 1207
1749060257146 14.0 1208
1749060269363 14.0 1209
1749060278705 14.0 1210
1749060286523 14.0 1211
1749060311306 14.0 1212
1749060323644 14.0 1213
1749060339928 14.0 1214
1749060347696 14.0 1215
1749060373150 14.0 1216
1749060385864 14.0 1217
1749060398150 14.0 1218
1749060410501 14.0 1219
1749060437303 14.0 1220
1749060449675 14.0 1221
1749060462112 14.0 1222
1749060472282 14.0 1223
1749060494988 14.0 1224
1749060507591 14.0 1225
1749060520082 14.0 1226
1749060532702 14.0 1227
1749060553850 14.0 1228
1749060563151 14.0 1229
1749060576702 14.0 1230
1749060589054 14.0 1231
1749060611950 14.0 1232
1749060624618 14.0 1233
1749060637125 14.0 1234
1749060649544 14.0 1235
1749060669513 14.0 1236
1749060677365 14.0 1237
1749060685096 14.0 1238
1749060693042 14.0 1239
1749060714997 14.0 1240
1749060722618 14.0 1241
1749060733973 14.0 1242
1749060741211 14.0 1243
1749060744408 14.0 1244
1749061022118 14.0 1244
1749061083735 15.0 1245
1749061096325 15.0 1246
1749061108720 15.0 1247
1749061121056 15.0 1248
1749061139287 15.0 1249
1749061148261 15.0 1250
1749061160617 15.0 1251
1749061173102 15.0 1252
1749061199906 15.0 1253
1749061212278 15.0 1254
1749061224777 15.0 1255
1749061237422 15.0 1256
1749061254812 15.0 1257
1749061267060 15.0 1258
1749061279882 15.0 1259
1749061292341 15.0 1260
1749061309816 15.0 1261
1749061322464 15.0 1262
1749061334940 15.0 1263
1749061347441 15.0 1264
1749061365358 15.0 1265
1749061377804 15.0 1266
1749061390170 15.0 1267
1749061402673 15.0 1268
1749061426200 15.0 1269
1749061438716 15.0 1270
1749061451127 15.0 1271
1749061463888 15.0 1272
1749061476262 15.0 1273
1749061488754 15.0 1274
1749061501396 15.0 1275
1749061513783 15.0 1276
1749061535158 15.0 1277
1749061543232 15.0 1278
1749061552296 15.0 1279
1749061566831 15.0 1280
1749061599903 15.0 1281
1749061612624 15.0 1282
1749061625122 15.0 1283
1749061637862 15.0 1284
1749061660067 15.0 1285
1749061672476 15.0 1286
1749061685011 15.0 1287
1749061697727 15.0 1288
1749061715773 15.0 1289
1749061728273 15.0 1290
1749061740203 15.0 1291
1749061748053 15.0 1292
1749061773178 15.0 1293
1749061786658 15.0 1294
1749061799124 15.0 1295
1749061811476 15.0 1296
1749061831583 15.0 1297
1749061845625 15.0 1298
1749061858117 15.0 1299
1749061870547 15.0 1300
1749061896676 15.0 1301
1749061908090 15.0 1302
1749061915870 15.0 1303
1749061923941 15.0 1304
1749061954186 15.0 1305
1749061962651 15.0 1306
1749061975389 15.0 1307
1749061987797 15.0 1308
1749062014558 15.0 1309
1749062027260 15.0 1310
1749062039816 15.0 1311
1749062052420 15.0 1312
1749062080404 15.0 1313
1749062092929 15.0 1314
1749062105373 15.0 1315
1749062118188 15.0 1316
1749062138870 15.0 1317
1749062151442 15.0 1318
1749062163878 15.0 1319
1749062173196 15.0 1320
1749062195799 15.0 1321
1749062203219 15.0 1322
1749062210839 15.0 1323
1749062218126 15.0 1324
1749062242833 15.0 1325
1749062250181 15.0 1326
1749062253356 15.0 1327
1749062538462 15.0 1327
