1749038211770 3905.2568359375 0
1749038223146 4019.333984375 1
1749038230941 4394.8076171875 2
1749038238967 4244.626953125 3
1749038284129 3360.32080078125 4
1749038296348 3500.20458984375 5
1749038308886 3024.432373046875 6
1749038321141 2813.43017578125 7
1749038348804 3298.139404296875 8
1749038361327 2968.2255859375 9
1749038373633 2636.638671875 10
1749038385968 2815.201416015625 11
1749038394971 2756.9833984375 12
1749038407409 2834.9150390625 13
1749038416433 2929.3056640625 14
1749038428710 2923.811767578125 15
1749038454382 2936.77294921875 16
1749038466856 2817.776611328125 17
1749038480260 2936.7333984375 18
1749038493113 2960.060791015625 19
1749038505504 2834.88916015625 20
1749038517992 2718.2060546875 21
1749038540676 2865.542236328125 22
1749038553113 2695.719970703125 23
1749038565621 2704.979736328125 24
1749038575767 2749.6669921875 25
1749038601167 2833.099609375 26
1749038613809 2684.0615234375 27
1749038626447 2775.11474609375 28
1749038636847 2700.690185546875 29
1749038657203 2944.55029296875 30
1749038669765 2734.3349609375 31
1749038682466 2663.339111328125 32
1749038690725 2667.864013671875 33
1749038710570 2843.3876953125 34
1749038723398 2668.046630859375 35
1749038735988 2647.003662109375 36
1749038748549 2640.04345703125 37
1749038776882 2731.07373046875 38
1749038788964 2701.69482421875 39
1749038796769 2754.3095703125 40
1749038804590 2501.037109375 41
1749038833044 2783.43896484375 42
1749038845469 2655.3876953125 43
1749038858205 2713.03515625 44
1749038868010 2665.640869140625 45
1749038886092 2781.746826171875 46
1749038898479 2621.111328125 47
1749038912309 2576.944091796875 48
1749038924920 2853.984619140625 49
1749038943046 2685.15625 50
1749038951797 2755.811279296875 51
1749038974345 2692.191162109375 52
1749038986834 2736.180908203125 53
1749038996717 2888.21240234375 54
1749039005976 2699.886474609375 55
1749039025972 2437.049560546875 56
1749039037980 2802.362548828125 57
1749039056714 2680.457763671875 58
1749039064864 2775.9560546875 59
1749039084678 2639.53271484375 60
1749039102903 2657.680908203125 61
1749039115559 2546.82666015625 62
1749039128329 2728.654296875 63
1749039147377 2631.935791015625 64
1749039162033 2343.232177734375 65
1749039174688 2506.1962890625 66
1749039187201 2517.655029296875 67
1749039206513 2723.352294921875 68
1749039219142 2640.692138671875 69
1749039234647 2601.48486328125 70
1749039244954 2355.5498046875 71
1749039263603 2467.03466796875 72
1749039274993 2533.166748046875 73
1749039296082 2404.810791015625 74
1749039308659 2332.045654296875 75
1749039320024 2327.189208984375 76
1749039334298 2271.21533203125 77
1749039351006 2351.435791015625 78
1749039358939 2068.720947265625 79
1749039375166 1956.6986083984375 80
1749039382382 2590.394775390625 81
1749039385584 1816.0677490234375 82
1749039733228 2031.0970458984375 83
1749039745645 1716.389892578125 84
1749039758113 1443.16845703125 85
1749039770841 1320.48388671875 86
1749039788810 1235.0218505859375 87
1749039801193 1463.0477294921875 88
1749039813673 1194.140625 89
1749039826503 1219.8504638671875 90
1749039850630 2034.808349609375 91
1749039863235 1900.0765380859375 92
1749039873671 2168.950927734375 93
1749039885185 955.1334228515625 94
1749039916176 1872.9554443359375 95
1749039928987 1068.74951171875 96
1749039941513 1410.8779296875 97
1749039954111 1464.1802978515625 98
1749039967670 914.4202270507812 99
1749039976878 961.1504516601562 100
1749039984826 1224.601318359375 101
1749039997647 988.2971801757812 102
1749040020639 1120.3988037109375 103
1749040032856 1181.605712890625 104
1749040045357 1045.1121826171875 105
1749040058127 959.123046875 106
1749040076788 1225.2442626953125 107
1749040091891 843.1503295898438 108
1749040099882 1155.9559326171875 109
1749040109208 936.0536499023438 110
1749040127858 815.43798828125 111
1749040149451 1077.524169921875 112
1749040162034 1256.5982666015625 113
1749040174646 976.0049438476562 114
1749040187587 1182.782958984375 115
1749040211800 1128.7586669921875 116
1749040219612 853.36767578125 117
1749040232445 1020.3467407226562 118
1749040246203 1023.5585327148438 119
1749040278752 1044.6844482421875 120
1749040291591 1074.1058349609375 121
1749040302092 986.2811279296875 122
1749040311297 885.1727294921875 123
1749040335967 1137.114501953125 124
1749040348726 888.1007080078125 125
1749040361345 845.856201171875 126
1749040373480 959.4441528320312 127
1749040391548 938.2664794921875 128
1749040404127 848.7625732421875 129
1749040416743 1011.1754150390625 130
1749040429622 920.3142700195312 131
1749040449174 879.3160400390625 132
1749040461701 851.4656982421875 133
1749040474328 835.3543701171875 134
1749040487013 993.6746215820312 135
1749040497829 797.0065307617188 136
1749040509879 1011.3441772460938 137
1749040522448 908.41357421875 138
1749040540727 976.1202392578125 139
1749040562654 1090.052978515625 140
1749040574290 830.962646484375 141
1749040582244 895.5266723632812 142
1749040613434 1007.8847045898438 143
1749040626246 901.3516235351562 144
1749040638892 875.1143188476562 145
1749040651767 932.8676147460938 146
1749040672464 948.4985961914062 147
1749040683425 952.2935791015625 148
1749040692724 917.4854736328125 149
1749040705461 908.64404296875 150
1749040735605 971.19677734375 151
1749040746527 929.1353149414062 152
1749040759228 898.5001831054688 153
1749040769304 1005.9973754882812 154
1749040795803 776.7575073242188 155
1749040808491 1002.6524047851562 156
1749040816698 862.5222778320312 157
1749040829093 941.4575805664062 158
1749040851386 865.1224365234375 159
1749040859710 860.5250244140625 160
1749040867487 895.0765991210938 161
1749040875013 968.02880859375 162
1749040898860 840.7152099609375 163
1749040906039 914.6980590820312 164
1749040909230 792.3040161132812 165
1749041255667 923.4043579101562 166
1749041267969 909.331298828125 167
1749041277232 815.0853271484375 168
1749041289733 917.8705444335938 169
1749041305810 963.558349609375 170
1749041326508 1004.6267700195312 171
1749041338869 831.7874145507812 172
1749041351479 887.7565307617188 173
1749041367163 1043.437744140625 174
1749041389059 876.2467651367188 175
1749041401858 952.2262573242188 176
1749041414462 751.9548950195312 177
1749041423695 894.9379272460938 178
1749041449926 837.2356567382812 179
1749041462537 758.7386474609375 180
1749041475184 921.5296020507812 181
1749041483478 897.6575927734375 182
1749041514312 862.4293212890625 183
1749041522141 837.6134033203125 184
1749041534962 871.6021118164062 185
1749041547482 802.429443359375 186
1749041577634 790.3231811523438 187
1749041587773 901.1876220703125 188
1749041595782 862.8049926757812 189
1749041607224 868.3841552734375 190
1749041635152 828.8753662109375 191
1749041647986 794.9036254882812 192
1749041660594 921.4470825195312 193
1749041673290 965.7227172851562 194
1749041687452 875.0482788085938 195
1749041695200 819.2172241210938 196
1749041707308 917.3038940429688 197
1749041733636 943.9713745117188 198
1749041741427 829.9833374023438 199
1749041749235 891.4290771484375 200
1749041758101 910.2850952148438 201
1749041787207 744.23681640625 202
1749041807170 866.1466674804688 203
1749041820067 884.0398559570312 204
1749041832596 950.2058715820312 205
1749041840405 885.6510620117188 206
1749041867993 799.412841796875 207
1749041880316 855.5586547851562 208
1749041892820 772.854248046875 209
1749041905663 919.5100708007812 210
1749041932005 846.8438720703125 211
1749041943501 873.962890625 212
1749041951267 993.3472900390625 213
1749041959182 910.8663940429688 214
1749041993034 756.8076171875 215
1749042004630 939.4216918945312 216
1749042017489 881.7035522460938 217
1749042030214 906.4379272460938 218
1749042054198 931.7271118164062 219
1749042062883 947.1142578125 220
1749042075564 905.396728515625 221
1749042088098 941.0811767578125 222
1749042119483 872.041015625 223
1749042127332 794.3370361328125 224
1749042139756 943.3856201171875 225
1749042152315 760.841552734375 226
1749042177282 840.4898071289062 227
1749042185508 861.3494873046875 228
1749042194702 873.7606201171875 229
1749042207572 644.5198364257812 230
1749042232795 917.610107421875 231
1749042245376 884.7229614257812 232
1749042256231 887.2930908203125 233
1749042264049 850.436279296875 234
1749042291688 952.428466796875 235
1749042304066 778.6033935546875 236
1749042313385 844.67578125 237
1749042325931 881.7088623046875 238
1749042356224 841.6852416992188 239
1749042365807 844.1893920898438 240
1749042373543 776.25048828125 241
1749042381322 843.6268920898438 242
1749042400639 820.3541259765625 243
1749042407920 916.2803955078125 244
1749042415139 934.0696411132812 245
1749042422513 669.018798828125 246
1749042447599 759.2752075195312 247
1749042450785 814.7777709960938 248
1749042791733 805.1987915039062 249
1749042800202 863.275146484375 250
1749042807930 770.9334716796875 251
1749042815704 880.6864013671875 252
1749042857342 809.1942138671875 253
1749042869715 856.0908203125 254
1749042882019 992.5673828125 255
1749042889994 875.0612182617188 256
1749042909773 826.1096801757812 257
1749042922364 864.9185791015625 258
1749042932494 936.2844848632812 259
1749042941708 859.4049072265625 260
1749042966052 955.3914794921875 261
1749042976965 890.6697387695312 262
1749042989419 892.2923583984375 263
1749042999985 743.1594848632812 264
1749043021446 789.6475219726562 265
1749043033865 949.6474609375 266
1749043044996 892.16796875 267
1749043053378 834.3322143554688 268
1749043075505 1001.981689453125 269
1749043088264 771.1583251953125 270
1749043100887 883.5800170898438 271
1749043113753 882.645263671875 272
1749043142139 893.1818237304688 273
1749043152208 879.4148559570312 274
1749043159959 872.7191772460938 275
1749043167744 779.8339233398438 276
1749043199836 873.6820068359375 277
1749043207857 635.590087890625 278
1749043215667 773.7496337890625 279
1749043223464 813.05322265625 280
1749043252566 775.1558837890625 281
1749043265197 832.8408813476562 282
1749043290136 829.113525390625 283
1749043302998 768.8238525390625 284
1749043313736 797.5628662109375 285
1749043322186 749.7611083984375 286
1749043343304 936.8163452148438 287
1749043355948 818.6884155273438 288
1749043371005 783.267578125 289
1749043381265 952.2318725585938 290
1749043403443 849.1748046875 291
1749043416076 746.4483642578125 292
1749043428680 929.5924072265625 293
1749043441732 858.0741577148438 294
1749043458695 862.084716796875 295
1749043477588 824.2665405273438 296
1749043490500 859.64501953125 297
1749043499791 931.2456665039062 298
1749043513574 759.2682495117188 299
1749043536098 747.2820434570312 300
1749043548661 909.8236083984375 301
1749043561284 981.5060424804688 302
1749043577539 873.2529907226562 303
1749043592015 751.8988647460938 304
1749043601163 783.0382690429688 305
1749043613702 749.5595703125 306
1749043641052 872.6484375 307
1749043662306 842.9436645507812 308
1749043674670 760.6561279296875 309
1749043686193 949.1978149414062 310
1749043703827 876.20947265625 311
1749043719431 816.5588989257812 312
1749043732214 756.290283203125 313
1749043744849 784.9928588867188 314
1749043760256 835.9697875976562 315
1749043781655 823.6683959960938 316
1749043794228 1053.244873046875 317
1749043806792 773.9813232421875 318
1749043819633 805.9922485351562 319
1749043833491 1073.636962890625 320
1749043846176 843.8547973632812 321
1749043859011 1194.911376953125 322
1749043875452 888.8464965820312 323
1749043884653 728.5444946289062 324
1749043897495 903.2867431640625 325
1749043910118 831.8102416992188 326
1749043934695 973.0059204101562 327
1749043942093 926.6751098632812 328
1749043949606 787.427978515625 329
1749043956812 800.9493408203125 330
1749043960001 822.9650268554688 331
1749044307353 787.8839721679688 332
1749044319914 809.5491943359375 333
1749044329440 745.60205078125 334
1749044342230 820.1372680664062 335
1749044358847 836.687744140625 336
1749044366567 738.244384765625 337
1749044374351 816.5056762695312 338
1749044382296 820.3711547851562 339
1749044410375 850.8026123046875 340
1749044430018 869.7573852539062 341
1749044442789 754.8154907226562 342
1749044455315 810.2579345703125 343
1749044467887 790.0421142578125 344
1749044499728 893.2786254882812 345
1749044512216 887.7794189453125 346
1749044524721 822.0873413085938 347
1749044537503 801.6087036132812 348
1749044557222 789.2512817382812 349
1749044569864 711.3366088867188 350
1749044578202 772.9503173828125 351
1749044585938 694.5162963867188 352
1749044616946 733.9694213867188 353
1749044629331 636.5139770507812 354
1749044642252 857.492431640625 355
1749044654894 689.154296875 356
1749044667990 864.3777465820312 357
1749044680672 749.9854125976562 358
1749044693226 694.286865234375 359
1749044705725 757.8648681640625 360
1749044720744 807.4613647460938 361
1749044735667 699.1401977539062 362
1749044748260 960.5454711914062 363
1749044761090 727.6257934570312 364
1749044789326 879.0133056640625 365
1749044800028 865.171630859375 366
1749044808028 743.0077514648438 367
1749044815870 632.8499145507812 368
1749044840872 948.7606201171875 369
1749044861605 749.6965942382812 370
1749044869498 686.7056274414062 371
1749044877322 702.1104736328125 372
1749044900327 816.3889770507812 373
1749044919335 790.31494140625 374
1749044931822 810.084716796875 375
1749044943215 754.6293334960938 376
1749044959774 862.18115234375 377
1749044967876 769.7531127929688 378
1749044986687 718.6165771484375 379
1749044997734 740.3736572265625 380
1749045029617 646.601318359375 381
1749045042197 771.2831420898438 382
1749045054874 805.5858154296875 383
1749045066924 802.8326416015625 384
1749045093999 838.0794677734375 385
1749045106896 852.1803588867188 386
1749045116220 888.7345581054688 387
1749045123992 1002.627685546875 388
1749045154809 904.0796508789062 389
1749045162620 925.2760009765625 390
1749045170370 749.1195678710938 391
1749045178251 756.55810546875 392
1749045223343 672.0109252929688 393
1749045231174 707.665771484375 394
1749045239927 793.3263549804688 395
1749045252438 894.3278198242188 396
1749045291779 630.33642578125 397
1749045304297 811.5613403320312 398
1749045312246 772.5087890625 399
1749045319987 724.390625 400
1749045347516 826.7210083007812 401
1749045360269 649.3480834960938 402
1749045370813 680.5448608398438 403
1749045381053 731.749755859375 404
1749045399089 852.5484619140625 405
1749045411645 742.1719360351562 406
1749045424194 640.0752563476562 407
1749045435899 722.3305053710938 408
1749045445516 737.0554809570312 409
1749045452791 786.92578125 410
1749045460070 904.6016235351562 411
1749045467520 771.6558837890625 412
1749045492869 749.7603759765625 413
1749045496028 671.4072875976562 414
1749045837222 722.1964111328125 415
1749045849674 658.130126953125 416
1749045862058 767.7584228515625 417
1749045874590 684.2183227539062 418
1749045898808 726.9686279296875 419
1749045911314 717.1749877929688 420
1749045923893 726.9938354492188 421
1749045936639 659.756591796875 422
1749045944423 700.8876342773438 423
1749045957001 675.478759765625 424
1749045969879 798.116943359375 425
1749045982427 641.7646484375 426
1749046010613 763.2861938476562 427
1749046023373 686.5947265625 428
1749046035934 738.893798828125 429
1749046048083 721.7139282226562 430
1749046072398 651.3033447265625 431
1749046084900 649.966552734375 432
1749046097519 864.3926391601562 433
1749046110378 741.427490234375 434
1749046119637 616.4606323242188 435
1749046132259 663.0094604492188 436
1749046148643 603.0885009765625 437
1749046161423 652.2114868164062 438
1749046176713 698.9898681640625 439
1749046189183 662.6718139648438 440
1749046208946 703.1494750976562 441
1749046221525 758.3698120117188 442
1749046234122 732.134765625 443
1749046252075 819.1846313476562 444
1749046267754 707.2916259765625 445
1749046280353 669.6715087890625 446
1749046293222 787.8764038085938 447
1749046312846 721.0648193359375 448
1749046325416 747.8429565429688 449
1749046334300 671.3871459960938 450
1749046342043 791.2911987304688 451
1749046368000 844.3150634765625 452
1749046384201 701.3060913085938 453
1749046392911 708.9285888671875 454
1749046400696 719.498291015625 455
1749046421883 597.6637573242188 456
1749046450188 742.159423828125 457
1749046462679 750.4645385742188 458
1749046475518 639.2857666015625 459
1749046488156 702.2180786132812 460
1749046517010 691.5194702148438 461
1749046529437 620.7813720703125 462
1749046542350 711.6180419921875 463
1749046554849 639.811767578125 464
1749046573553 699.7066650390625 465
1749046586413 693.850341796875 466
1749046599012 665.7463989257812 467
1749046607174 717.5367431640625 468
1749046632527 636.0806274414062 469
1749046645131 657.4407348632812 470
1749046657836 756.4330444335938 471
1749046670592 705.9652099609375 472
1749046691458 829.3441772460938 473
1749046701980 687.7117309570312 474
1749046714551 668.8379516601562 475
1749046727401 726.3535766601562 476
1749046750649 736.3825073242188 477
1749046758526 556.5285034179688 478
1749046766552 707.913818359375 479
1749046778974 701.23828125 480
1749046815805 618.0216064453125 481
1749046828498 625.2567749023438 482
1749046838184 764.1605224609375 483
1749046850757 668.2005004882812 484
1749046885295 620.7202758789062 485
1749046893141 952.9630737304688 486
1749046905673 680.6005249023438 487
1749046918483 645.329833984375 488
1749046946904 749.0570068359375 489
1749046954818 928.8378295898438 490
1749046962707 646.127197265625 491
1749046970015 676.9744873046875 492
1749046996251 670.9259643554688 493
1749047003475 876.4032592773438 494
1749047010867 615.2525634765625 495
1749047018100 919.0278930664062 496
1749047021294 560.3707275390625 497
1749047371761 711.1444702148438 498
1749047384265 654.5281372070312 499
1749047396699 728.8773193359375 500
1749047409118 723.0980834960938 501
1749047430378 749.4640502929688 502
1749047442996 767.8133544921875 503
1749047455639 672.08642578125 504
1749047467161 741.580322265625 505
1749047489602 704.050048828125 506
1749047498384 564.6896362304688 507
1749047511216 778.8382568359375 508
1749047523799 679.3814086914062 509
1749047547785 701.8641967773438 510
1749047560522 649.8630981445312 511
1749047573021 602.0327758789062 512
1749047585612 602.7572021484375 513
1749047609971 663.3218383789062 514
1749047622550 559.9684448242188 515
1749047635268 577.5045166015625 516
1749047648168 692.2530517578125 517
1749047674334 642.8795166015625 518
1749047687123 662.5791625976562 519
1749047699776 877.7840576171875 520
1749047712385 717.3489379882812 521
1749047737260 780.9584350585938 522
1749047747063 718.4358520507812 523
1749047759634 648.2725219726562 524
1749047772189 654.099853515625 525
1749047794665 770.8095092773438 526
1749047804265 606.9364013671875 527
1749047812033 758.62939453125 528
1749047819892 795.198486328125 529
1749047861084 865.9715576171875 530
1749047873745 878.59423828125 531
1749047882920 845.3516845703125 532
1749047895647 636.0932006835938 533
1749047917916 759.5135498046875 534
1749047930531 481.6255187988281 535
1749047941957 869.2437744140625 536
1749047954437 666.91796875 537
1749047970181 706.8992919921875 538
1749047978773 698.40576171875 539
1749047991635 695.9122924804688 540
1749048003000 783.2411499023438 541
1749048030788 719.5394287109375 542
1749048038865 736.4049072265625 543
1749048048153 635.7713012695312 544
1749048060876 696.4298706054688 545
1749048082211 708.2218627929688 546
1749048094578 781.8936767578125 547
1749048105166 729.2603149414062 548
1749048117952 676.3562622070312 549
1749048148496 740.2222290039062 550
1749048160964 698.8143920898438 551
1749048169523 680.4893798828125 552
1749048182153 623.7900390625 553
1749048208368 714.1405029296875 554
1749048221324 726.7490234375 555
1749048230197 667.1861572265625 556
1749048242863 521.9985961914062 557
1749048270759 665.945068359375 558
1749048278859 697.4000244140625 559
1749048286875 746.415771484375 560
1749048294767 692.7838134765625 561
1749048340283 688.2294921875 562
1749048351448 816.8114624023438 563
1749048361493 678.449462890625 564
1749048370975 730.2909545898438 565
1749048392532 654.1135864257812 566
1749048402268 717.0009765625 567
1749048415048 729.9674682617188 568
1749048423391 669.9005126953125 569
1749048448684 747.8466186523438 570
1749048461703 596.9849853515625 571
1749048474379 660.7545776367188 572
1749048484858 667.6688842773438 573
1749048496564 588.4266967773438 574
1749048505173 648.5768432617188 575
1749048512779 567.6216430664062 576
1749048520380 637.8203125 577
1749048545192 715.8501586914062 578
1749048553558 690.3041381835938 579
1749048556817 595.738037109375 580
1749048906177 668.324951171875 581
1749048918729 674.394775390625 582
1749048931299 605.5089721679688 583
1749048944137 702.7053833007812 584
1749048967736 668.9222412109375 585
1749048980326 803.5043334960938 586
1749048991182 653.2608642578125 587
1749048999214 651.519287109375 588
1749049023108 735.2608032226562 589
1749049032041 626.74755859375 590
1749049044772 601.5303344726562 591
1749049057211 678.3264770507812 592
1749049081764 816.6323852539062 593
1749049094079 727.3993530273438 594
1749049101883 559.3658447265625 595
1749049109700 627.3663940429688 596
1749049133948 633.1195678710938 597
1749049151936 675.5823974609375 598
1749049160173 667.3195190429688 599
1749049172708 709.8798828125 600
1749049187727 666.1863403320312 601
1749049209367 703.723876953125 602
1749049221839 681.5635986328125 603
1749049232389 677.794921875 604
1749049246550 627.8485107421875 605
1749049277452 654.5407104492188 606
1749049289094 690.7330932617188 607
1749049297383 735.3521118164062 608
1749049307381 691.7877807617188 609
1749049332461 816.8651733398438 610
1749049342302 619.803955078125 611
1749049354376 635.8635864257812 612
1749049369786 809.2958984375 613
1749049391634 692.5477294921875 614
1749049404167 743.59228515625 615
1749049416320 711.2597045898438 616
1749049425588 616.1526489257812 617
1749049450889 552.4676513671875 618
1749049458868 975.8955078125 619
1749049467360 1729.1104736328125 620
1749049483199 2315.94287109375 621
1749049516827 1553.6402587890625 622
1749049527129 726.8709106445312 623
1749049539861 839.2655029296875 624
1749049552391 3029.37841796875 625
1749049568766 1940.6182861328125 626
1749049581455 2903.87060546875 627
1749049593599 3510.830078125 628
1749049612869 2998.6455078125 629
1749049623625 3127.667724609375 630
1749049636337 3309.2919921875 631
1749049647010 2856.3173828125 632
1749049674327 2012.2578125 633
1749049686055 1109.3865966796875 634
1749049694083 1595.8077392578125 635
1749049706642 1356.599365234375 636
1749049739240 839.5279541015625 637
1749049747355 1219.145263671875 638
1749049755172 1683.337158203125 639
1749049763180 1514.2061767578125 640
1749049799085 1259.502685546875 641
1749049807073 1181.5478515625 642
1749049814842 869.0199584960938 643
1749049822937 946.4833374023438 644
1749049856883 1104.3226318359375 645
1749049871517 935.6187744140625 646
1749049879481 937.7799682617188 647
1749049887573 1059.578369140625 648
1749049908056 1042.9443359375 649
1749049932907 1047.407470703125 650
1749049940980 914.5552978515625 651
1749049948784 975.2860107421875 652
1749049967560 822.7559814453125 653
1749049990074 778.365966796875 654
1749050001110 901.029296875 655
1749050009499 985.7463989257812 656
1749050021595 762.1317749023438 657
1749050045447 745.4737548828125 658
1749050053223 850.0675659179688 659
1749050060925 873.1597900390625 660
1749050070558 924.5396728515625 661
1749050093594 754.7566528320312 662
1749050096785 936.9530029296875 663
1749050444934 693.9590454101562 664
1749050454213 828.132568359375 665
1749050466812 838.112548828125 666
1749050479289 760.9651489257812 667
1749050500931 849.9536743164062 668
1749050508782 791.7252197265625 669
1749050516751 794.1406860351562 670
1749050524711 768.4085083007812 671
1749050559786 787.1766357421875 672
1749050575229 833.4900512695312 673
1749050588122 897.0973510742188 674
1749050600701 679.1723022460938 675
1749050618241 886.6611938476562 676
1749050633585 820.260498046875 677
1749050646096 713.8236694335938 678
1749050658719 776.6583251953125 679
1749050674658 842.205810546875 680
1749050691574 713.8405151367188 681
1749050704117 810.7653198242188 682
1749050713813 805.0335693359375 683
1749050739683 808.7218017578125 684
1749050750134 766.4816284179688 685
1749050762765 752.8282470703125 686
1749050774957 715.2415161132812 687
1749050801757 716.26025390625 688
1749050814397 742.6555786132812 689
1749050827311 686.6220703125 690
1749050839931 667.4528198242188 691
1749050863882 742.1710815429688 692
1749050876740 689.0208740234375 693
1749050885229 759.266357421875 694
1749050893126 664.9476928710938 695
1749050914689 741.3684692382812 696
1749050927277 674.9588012695312 697
1749050937238 689.8382568359375 698
1749050945538 746.4908447265625 699
1749050971418 716.53369140625 700
1749050984023 889.0558471679688 701
1749050997972 783.649169921875 702
1749051008802 703.3251953125 703
1749051032650 738.0254516601562 704
1749051045085 737.105712890625 705
1749051057992 703.5205078125 706
1749051066267 736.9096069335938 707
1749051097296 663.4202880859375 708
1749051105352 733.0616455078125 709
1749051113813 711.91943359375 710
1749051126516 603.6761474609375 711
1749051162954 699.5521850585938 712
1749051175593 615.1615600585938 713
1749051188194 637.9464721679688 714
1749051200924 608.58642578125 715
1749051228356 733.733154296875 716
1749051239989 712.9507446289062 717
1749051252855 731.6593627929688 718
1749051263611 770.4306640625 719
1749051287181 710.9296875 720
1749051296749 695.4337158203125 721
1749051307395 710.7831420898438 722
1749051315459 714.5250854492188 723
1749051352715 783.3609619140625 724
1749051360698 640.1485595703125 725
1749051371909 724.180419921875 726
1749051380403 754.8167724609375 727
1749051414577 684.232666015625 728
1749051422402 824.72607421875 729
1749051430510 547.134033203125 730
1749051443375 789.5275268554688 731
1749051477262 626.2581787109375 732
1749051489943 650.0198974609375 733
1749051502797 602.01953125 734
1749051513746 670.992919921875 735
1749051535339 634.2488403320312 736
1749051545456 743.3870849609375 737
1749051557138 564.406982421875 738
1749051569720 613.1416625976562 739
1749051595173 756.3995361328125 740
1749051603618 661.2947387695312 741
1749051611320 780.074951171875 742
1749051618654 747.08740234375 743
1749051640673 681.4278564453125 744
1749051647877 775.761474609375 745
1749051651076 773.88427734375 746
1749051996016 722.3165283203125 747
1749052008649 666.2999267578125 748
1749052021148 659.7108154296875 749
1749052029153 647.930419921875 750
1749052062035 629.246826171875 751
1749052074725 760.0593872070312 752
1749052087277 632.6044311523438 753
1749052096894 635.9155883789062 754
1749052129248 651.9325561523438 755
1749052141865 627.9447021484375 756
1749052151497 621.7423706054688 757
1749052164132 776.1405029296875 758
1749052185762 701.179443359375 759
1749052198308 658.5307006835938 760
1749052208671 785.6973266601562 761
1749052220721 542.82958984375 762
1749052251563 775.302734375 763
1749052260898 773.873291015625 764
1749052268739 599.614990234375 765
1749052276836 631.8297119140625 766
1749052301695 541.5781860351562 767
1749052313302 744.23974609375 768
1749052324608 577.6965942382812 769
1749052336236 636.2033081054688 770
1749052365860 679.0551147460938 771
1749052377456 681.7344360351562 772
1749052389338 771.076171875 773
1749052401315 633.7091674804688 774
1749052426629 602.9696655273438 775
1749052436599 903.9678955078125 776
1749052445287 620.6843872070312 777
1749052453091 714.3134155273438 778
1749052489205 690.7623291015625 779
1749052498030 613.7114868164062 780
1749052508439 612.6103515625 781
1749052521267 736.7213134765625 782
1749052553234 795.1360473632812 783
1749052563382 700.23193359375 784
1749052575824 614.5236206054688 785
1749052584453 734.700927734375 786
1749052607440 692.8524780273438 787
1749052615345 606.5724487304688 788
1749052623417 637.83154296875 789
1749052631297 533.2936401367188 790
1749052676890 646.1510009765625 791
1749052689795 656.4819946289062 792
1749052699639 755.275634765625 793
1749052707838 625.8988647460938 794
1749052738116 616.6820068359375 795
1749052749323 654.68310546875 796
1749052758894 681.5101318359375 797
1749052770679 717.4476318359375 798
1749052796372 707.8428344726562 799
1749052807245 616.7133178710938 800
1749052819907 682.2327270507812 801
1749052830589 623.916259765625 802
1749052850788 649.1995239257812 803
1749052858641 770.8720703125 804
1749052866705 687.0847778320312 805
1749052876820 678.2747802734375 806
1749052914009 685.7078247070312 807
1749052927001 557.6029052734375 808
1749052938920 688.919677734375 809
1749052946900 702.9434814453125 810
1749052981652 730.895263671875 811
1749052992207 684.3583374023438 812
1749053000207 729.9318237304688 813
1749053008455 666.1596069335938 814
1749053048631 649.3558349609375 815
1749053058109 699.3425903320312 816
1749053067241 597.0028076171875 817
1749053078249 645.735107421875 818
1749053103714 609.1275024414062 819
1749053114972 712.8994750976562 820
1749053126485 617.5462036132812 821
1749053134843 756.87939453125 822
1749053158280 691.8435668945312 823
1749053165941 665.0946655273438 824
1749053173393 830.54296875 825
1749053180625 742.6884765625 826
1749053205557 645.645751953125 827
1749053212778 646.5425415039062 828
1749053215974 554.610595703125 829
1749053554958 671.0819091796875 830
1749053567779 705.5256958007812 831
1749053580292 629.8236694335938 832
1749053592890 763.346435546875 833
1749053622019 738.3697509765625 834
1749053629768 704.6885986328125 835
1749053637671 731.4366455078125 836
1749053648289 676.989013671875 837
1749053691142 538.524169921875 838
1749053703814 708.1991577148438 839
1749053715742 642.9658203125 840
1749053723594 569.0975952148438 841
1749053751837 645.9567260742188 842
1749053764159 571.7783813476562 843
1749053775056 687.4296264648438 844
1749053783886 778.7489013671875 845
1749053813391 705.7501220703125 846
1749053826022 662.5360107421875 847
1749053838134 814.8919067382812 848
1749053850716 569.15869140625 849
1749053867978 646.3350219726562 850
1749053878240 721.5729370117188 851
1749053890880 671.7003173828125 852
1749053900078 661.740234375 853
1749053928530 674.3369750976562 854
1749053939319 669.7050170898438 855
1749053952002 743.8239135742188 856
1749053962501 737.5547485351562 857
1749053985484 610.3442993164062 858
1749053996236 614.73291015625 859
1749054006310 597.0239868164062 860
1749054016309 685.9765625 861
1749054050919 581.8609008789062 862
1749054060495 643.3348999023438 863
1749054069718 720.7010498046875 864
1749054081218 636.74560546875 865
1749054107683 688.3724975585938 866
1749054118796 658.8941650390625 867
1749054131221 622.7236938476562 868
1749054144106 730.0172119140625 869
1749054182291 593.10595703125 870
1749054193668 721.3435668945312 871
1749054203250 547.252197265625 872
1749054213846 698.27734375 873
1749054244987 667.8844604492188 874
1749054254981 633.0821533203125 875
1749054267477 700.2616577148438 876
1749054280065 658.43896484375 877
1749054301705 712.3045654296875 878
1749054314175 663.5905151367188 879
1749054326666 668.253662109375 880
1749054339372 653.194580078125 881
1749054352240 628.6093139648438 882
1749054364634 664.9127197265625 883
1749054377289 683.4445190429688 884
1749054386523 710.3140869140625 885
1749054410065 699.1057739257812 886
1749054422562 663.2898559570312 887
1749054435224 565.691650390625 888
1749054447838 686.8047485351562 889
1749054464814 506.7450256347656 890
1749054472733 786.390380859375 891
1749054480507 648.4359130859375 892
1749054488315 672.1874389648438 893
1749054520214 615.8086547851562 894
1749054532778 649.2469482421875 895
1749054545347 701.3422241210938 896
1749054558095 676.6395263671875 897
1749054570630 674.2721557617188 898
1749054583181 753.0809936523438 899
1749054590971 656.6041870117188 900
1749054608154 662.4550170898438 901
1749054629302 612.2655029296875 902
1749054642153 685.9051513671875 903
1749054654536 729.8941040039062 904
1749054667300 625.2051391601562 905
1749054685233 715.3681030273438 906
1749054697955 792.3807983398438 907
1749054705898 767.159912109375 908
1749054719568 623.5280151367188 909
1749054730632 515.465087890625 910
1749054744698 620.9108276367188 911
1749054747886 491.629150390625 912
1749055094337 689.9426879882812 913
1749055106915 686.8741455078125 914
1749055119118 721.1414794921875 915
1749055131295 543.379638671875 916
1749055144294 656.5328979492188 917
1749055158594 690.1146240234375 918
1749055170960 628.0326538085938 919
1749055183520 646.4374389648438 920
1749055204813 690.8318481445312 921
1749055217304 801.8643188476562 922
1749055230009 562.32177734375 923
1749055242507 598.41259765625 924
1749055268100 670.5137329101562 925
1749055280778 655.4561767578125 926
1749055293158 798.9846801757812 927
1749055300962 602.97021484375 928
1749055323551 623.6929931640625 929
1749055336240 835.456787109375 930
1749055348600 504.36541748046875 931
1749055361095 618.75244140625 932
1749055379187 657.1777954101562 933
1749055391468 622.3981323242188 934
1749055403821 771.3162841796875 935
1749055416602 622.0469970703125 936
1749055434616 663.0511474609375 937
1749055449317 605.453125 938
1749055461973 642.6810302734375 939
1749055474464 710.2284545898438 940
1749055490510 678.265869140625 941
1749055508880 590.711669921875 942
1749055516562 676.2100219726562 943
1749055524295 737.4135131835938 944
1749055543576 677.5086059570312 945
1749055576829 697.9398803710938 946
1749055586006 760.0692138671875 947
1749055598709 532.6609497070312 948
1749055611089 636.20654296875 949
1749055634950 628.5459594726562 950
1749055644218 635.9102783203125 951
1749055656916 661.3875732421875 952
1749055669547 634.8687744140625 953
1749055698584 756.098388671875 954
1749055706628 568.689697265625 955
1749055714471 609.5228271484375 956
1749055722232 532.501953125 957
1749055762337 548.216796875 958
1749055774714 657.2808227539062 959
1749055787081 711.06787109375 960
1749055799697 769.5983276367188 961
1749055820879 558.04052734375 962
1749055833279 596.3291625976562 963
1749055845524 697.602294921875 964
1749055858183 581.9984130859375 965
1749055880033 635.029541015625 966
1749055890807 647.3782958984375 967
1749055903268 620.180419921875 968
1749055915735 555.003662109375 969
1749055943386 727.1707763671875 970
1749055953533 614.9241333007812 971
1749055965973 668.5729370117188 972
1749055978442 601.78759765625 973
1749055996809 655.1246948242188 974
1749056009178 737.9137573242188 975
1749056021760 604.1931762695312 976
1749056034524 778.2945556640625 977
1749056051498 694.5503540039062 978
1749056063894 562.0238647460938 979
1749056076559 654.7791748046875 980
1749056088510 629.3163452148438 981
1749056103651 694.3123168945312 982
1749056116161 685.2089233398438 983
1749056128823 642.522216796875 984
1749056141217 741.3889770507812 985
1749056159930 638.099609375 986
1749056169810 640.6648559570312 987
1749056182181 625.8097534179688 988
1749056194582 750.0703125 989
1749056208945 720.3262939453125 990
1749056216369 690.0458374023438 991
1749056223620 644.6887817382812 992
1749056231084 629.680908203125 993
1749056256183 670.657470703125 994
1749056259381 701.9730834960938 995
1749056596976 680.5977172851562 996
1749056609618 752.655517578125 997
1749056622051 659.5946655273438 998
1749056634338 723.2058715820312 999
1749056652488 756.4334106445312 1000
1749056661634 545.30078125 1001
1749056673882 648.259521484375 1002
1749056686561 700.8054809570312 1003
1749056707859 615.4700927734375 1004
1749056720216 610.988525390625 1005
1749056732858 757.5795288085938 1006
1749056745301 745.5733642578125 1007
1749056770808 730.1871948242188 1008
1749056783343 517.5028076171875 1009
1749056795807 639.370361328125 1010
1749056808289 723.884521484375 1011
1749056826907 562.8577270507812 1012
1749056842982 698.8743896484375 1013
1749056855398 686.3711547851562 1014
1749056867827 679.41357421875 1015
1749056892376 696.0032348632812 1016
1749056904733 615.55908203125 1017
1749056916996 667.175537109375 1018
1749056929649 611.0391235351562 1019
1749056944069 666.2822265625 1020
1749056956476 713.822021484375 1021
1749056969103 669.4984741210938 1022
1749056981367 670.6578979492188 1023
1749056994374 625.4988403320312 1024
1749057012733 600.7813110351562 1025
1749057025365 580.5983276367188 1026
1749057037822 645.912353515625 1027
1749057052351 573.0636596679688 1028
1749057065947 725.901123046875 1029
1749057078359 680.4889526367188 1030
1749057090770 725.1123046875 1031
1749057116283 739.2799072265625 1032
1749057128940 632.4110717773438 1033
1749057141303 679.189453125 1034
1749057153860 691.0963745117188 1035
1749057176098 660.7344970703125 1036
1749057188618 587.8851318359375 1037
1749057201118 581.213134765625 1038
1749057213830 586.520263671875 1039
1749057228019 703.8499145507812 1040
1749057236574 558.0386352539062 1041
1749057249050 703.4107055664062 1042
1749057261462 592.5172729492188 1043
1749057289086 628.956298828125 1044
1749057301774 686.12109375 1045
1749057314279 687.362060546875 1046
1749057326736 659.7561645507812 1047
1749057351646 629.687744140625 1048
1749057364090 693.5767211914062 1049
1749057376544 505.32012939453125 1050
1749057389119 685.5518798828125 1051
1749057410181 651.8654174804688 1052
1749057422806 686.1323852539062 1053
1749057435419 622.763427734375 1054
1749057448049 699.6322021484375 1055
1749057469139 584.775390625 1056
1749057481608 637.5572509765625 1057
1749057494439 702.4857177734375 1058
1749057506956 695.7440795898438 1059
1749057529246 654.068115234375 1060
1749057540957 619.598876953125 1061
1749057548609 677.2092895507812 1062
1749057557209 645.8375854492188 1063
1749057582893 583.5430297851562 1064
1749057595308 628.6622314453125 1065
1749057607858 673.936767578125 1066
1749057620622 659.884765625 1067
1749057639341 577.6083984375 1068
1749057647031 588.1721801757812 1069
1749057654901 614.9219360351562 1070
1749057664043 566.2528076171875 1071
1749057694158 589.0921630859375 1072
1749057705223 624.814697265625 1073
1749057713036 615.8751831054688 1074
1749057721030 637.0780639648438 1075
1749057741336 583.8739013671875 1076
1749057748746 583.5953369140625 1077
1749057751930 691.2630615234375 1078
1749058104410 628.8907470703125 1079
1749058114585 622.24755859375 1080
1749058122190 550.3348999023438 1081
1749058134422 550.8258056640625 1082
1749058159388 679.0177001953125 1083
1749058171605 623.156982421875 1084
1749058183973 660.9225463867188 1085
1749058196428 658.9841918945312 1086
1749058214746 548.1658935546875 1087
1749058226997 649.5844116210938 1088
1749058239412 751.8430786132812 1089
1749058252041 617.6444702148438 1090
1749058270905 845.6754150390625 1091
1749058288053 625.9219970703125 1092
1749058300613 747.9974365234375 1093
1749058312977 650.7655639648438 1094
1749058329345 551.9423217773438 1095
1749058341854 641.45654296875 1096
1749058354204 592.3680419921875 1097
1749058366717 702.9302978515625 1098
1749058381959 556.0994873046875 1099
1749058399009 665.7999267578125 1100
1749058411582 670.9243774414062 1101
1749058423984 798.1928100585938 1102
1749058448305 833.5418090820312 1103
1749058460647 1324.963134765625 1104
1749058473396 676.629150390625 1105
1749058481095 2584.880615234375 1106
1749058503977 1150.9788818359375 1107
1749058516371 2850.39501953125 1108
1749058529076 3871.568359375 1109
1749058541509 4912.578125 1110
1749058554133 3181.44287109375 1111
1749058571872 3069.749267578125 1112
1749058584199 3088.021728515625 1113
1749058596714 2176.619873046875 1114
1749058609991 1390.293212890625 1115
1749058627853 798.7171020507812 1116
1749058644957 2225.636962890625 1117
1749058657583 1198.80126953125 1118
1749058670125 864.9825439453125 1119
1749058682634 1048.236328125 1120
1749058695126 1127.6048583984375 1121
1749058707750 1366.5701904296875 1122
1749058726020 1309.9093017578125 1123
1749058738394 1139.915283203125 1124
1749058750960 965.4526977539062 1125
1749058763905 1231.228271484375 1126
1749058785956 1203.20263671875 1127
1749058798588 788.1895141601562 1128
1749058816680 813.3546752929688 1129
1749058829010 837.4141235351562 1130
1749058841666 869.54931640625 1131
1749058854234 1117.911865234375 1132
1749058877808 938.5686645507812 1133
1749058890494 731.2671508789062 1134
1749058902852 939.799560546875 1135
1749058915342 860.2382202148438 1136
1749058944147 873.68798828125 1137
1749058956624 874.33349609375 1138
1749058969043 762.930908203125 1139
1749058981480 762.542724609375 1140
1749059004968 781.5562133789062 1141
1749059017334 993.352783203125 1142
1749059029788 825.9669799804688 1143
1749059042473 614.5400390625 1144
1749059065423 773.1216430664062 1145
1749059077731 668.6624755859375 1146
1749059090362 795.951904296875 1147
1749059102871 802.7295532226562 1148
1749059131417 727.5628051757812 1149
1749059144279 679.6029663085938 1150
1749059156725 810.3656616210938 1151
1749059169154 610.0919189453125 1152
1749059181951 670.7489624023438 1153
1749059194489 657.4572143554688 1154
1749059206911 699.6869506835938 1155
1749059216136 885.0194702148438 1156
1749059226576 736.8384399414062 1157
1749059233954 782.8346557617188 1158
1749059241235 622.1092529296875 1159
1749059248563 776.7453002929688 1160
1749059251731 697.1212158203125 1161
1749059592751 658.9307250976562 1162
1749059605371 732.860595703125 1163
1749059617595 702.7395629882812 1164
1749059629962 540.0734252929688 1165
1749059655969 648.5982666015625 1166
1749059668487 671.2672729492188 1167
1749059680840 554.412109375 1168
1749059693226 595.9791870117188 1169
1749059713369 628.8828735351562 1170
1749059725793 761.2611694335938 1171
1749059738329 814.8482666015625 1172
1749059750893 692.7965087890625 1173
1749059771029 774.5847778320312 1174
1749059783449 588.9000244140625 1175
1749059795998 670.54052734375 1176
1749059808302 571.1635131835938 1177
1749059829030 628.4589233398438 1178
1749059841760 718.21142578125 1179
1749059854157 648.8464965820312 1180
1749059866612 648.5807495117188 1181
1749059879856 563.9813842773438 1182
1749059892346 642.6357421875 1183
1749059904821 664.493408203125 1184
1749059917484 750.9315795898438 1185
1749059935418 623.6278076171875 1186
1749059947887 703.2728881835938 1187
1749059960302 635.9720458984375 1188
1749059973076 675.2803955078125 1189
1749059986228 587.1844482421875 1190
1749059998728 698.4354248046875 1191
1749060020679 665.7777099609375 1192
1749060033007 611.2579345703125 1193
1749060048485 697.936767578125 1194
1749060061167 508.5354309082031 1195
1749060081499 707.234130859375 1196
1749060093988 772.1293334960938 1197
1749060109952 689.8733520507812 1198
1749060122379 736.9343872070312 1199
1749060139387 649.9932250976562 1200
1749060152113 715.9962768554688 1201
1749060165503 731.533935546875 1202
1749060178001 670.1595458984375 1203
1749060204868 776.2901000976562 1204
1749060217341 713.9602661132812 1205
1749060229779 672.234619140625 1206
1749060242261 589.6464233398438 1207
1749060257146 701.3460083007812 1208
1749060269363 593.5062866210938 1209
1749060278705 640.9169311523438 1210
1749060286523 719.4933471679688 1211
1749060311306 738.43603515625 1212
1749060323644 703.1631469726562 1213
1749060339928 590.4827270507812 1214
1749060347696 646.8612060546875 1215
1749060373150 702.978271484375 1216
1749060385864 711.7124633789062 1217
1749060398150 637.3250732421875 1218
1749060410501 641.2490234375 1219
1749060437303 640.5216674804688 1220
1749060449675 583.3951416015625 1221
1749060462112 680.4818725585938 1222
1749060472282 684.1845092773438 1223
1749060494988 587.9090576171875 1224
1749060507591 667.6396484375 1225
1749060520082 699.732421875 1226
1749060532702 736.010498046875 1227
1749060553850 548.566650390625 1228
1749060563151 592.2685546875 1229
1749060576702 658.3580932617188 1230
1749060589054 680.3317260742188 1231
1749060611950 691.00390625 1232
1749060624618 691.8921508789062 1233
1749060637125 671.7708129882812 1234
1749060649544 674.7180786132812 1235
1749060669513 676.8922119140625 1236
1749060677365 563.6687622070312 1237
1749060685096 596.3565063476562 1238
1749060693042 620.5172119140625 1239
1749060714997 586.6522216796875 1240
1749060722618 635.26416015625 1241
1749060733973 656.8919677734375 1242
1749060741211 729.6944580078125 1243
1749060744408 539.9346923828125 1244
1749061083735 575.05615234375 1245
1749061096325 675.2874755859375 1246
1749061108720 658.583251953125 1247
1749061121056 722.03564453125 1248
1749061139287 634.5045776367188 1249
1749061148261 615.68359375 1250
1749061160617 560.47021484375 1251
1749061173102 564.8330078125 1252
1749061199906 635.2723999023438 1253
1749061212278 706.9793090820312 1254
1749061224777 608.26318359375 1255
1749061237422 687.4656982421875 1256
1749061254812 571.7778930664062 1257
1749061267060 671.9299926757812 1258
1749061279882 662.20263671875 1259
1749061292341 772.8110961914062 1260
1749061309816 641.7974243164062 1261
1749061322464 788.3934326171875 1262
1749061334940 653.32568359375 1263
1749061347441 739.787841796875 1264
1749061365358 541.2918701171875 1265
1749061377804 655.3262939453125 1266
1749061390170 629.8904418945312 1267
1749061402673 612.2490234375 1268
1749061426200 558.0034790039062 1269
1749061438716 616.4646606445312 1270
1749061451127 668.0115966796875 1271
1749061463888 617.9019775390625 1272
1749061476262 540.3109130859375 1273
1749061488754 540.9908447265625 1274
1749061501396 642.2532348632812 1275
1749061513783 697.3836669921875 1276
1749061535158 678.65966796875 1277
1749061543232 627.2324829101562 1278
1749061552296 841.0795288085938 1279
1749061566831 649.1193237304688 1280
1749061599903 547.7161865234375 1281
1749061612624 762.6676635742188 1282
1749061625122 699.342529296875 1283
1749061637862 747.3397827148438 1284
1749061660067 769.3109130859375 1285
1749061672476 653.9712524414062 1286
1749061685011 640.0886840820312 1287
1749061697727 649.989501953125 1288
1749061715773 799.2249145507812 1289
1749061728273 715.8218994140625 1290
1749061740203 611.5103759765625 1291
1749061748053 665.0125122070312 1292
1749061773178 610.1910400390625 1293
1749061786658 691.7929077148438 1294
1749061799124 672.7177124023438 1295
1749061811476 709.459228515625 1296
1749061831583 723.179443359375 1297
1749061845625 715.5886840820312 1298
1749061858117 662.5584716796875 1299
1749061870547 632.2748413085938 1300
1749061896676 579.0066528320312 1301
1749061908090 564.4527587890625 1302
1749061915870 662.0841674804688 1303
1749061923941 566.6808471679688 1304
1749061954186 625.7542114257812 1305
1749061962651 697.3922119140625 1306
1749061975389 643.52001953125 1307
1749061987797 570.3338623046875 1308
1749062014558 689.5426635742188 1309
1749062027260 610.0713500976562 1310
1749062039816 614.0321044921875 1311
1749062052420 576.4615478515625 1312
1749062080404 627.5765991210938 1313
1749062092929 634.2027587890625 1314
1749062105373 653.5436401367188 1315
1749062118188 616.9161376953125 1316
1749062138870 678.4021606445312 1317
1749062151442 702.6851196289062 1318
1749062163878 649.52001953125 1319
1749062173196 651.7764282226562 1320
1749062195799 626.7820434570312 1321
1749062203219 583.202392578125 1322
1749062210839 677.9448852539062 1323
1749062218126 677.0546875 1324
1749062242833 606.5547485351562 1325
1749062250181 606.4385375976562 1326
1749062253356 694.5877075195312 1327
