1750082527241 0.0 0
1750082540242 0.0 1
1750082553552 0.0 2
1750082566755 0.0 3
1750082616168 0.0 4
1750082625226 0.0 5
1750082634879 0.0 6
1750082647894 0.0 7
1750082687959 0.0 8
1750082698478 0.0 9
1750082707073 0.0 10
1750082717132 0.0 11
1750082754547 0.0 12
1750082764949 0.0 13
1750082773805 0.0 14
1750082782651 0.0 15
1750082829751 0.0 16
1750082841896 0.0 17
1750082850784 0.0 18
1750082860665 0.0 19
1750082896593 0.0 20
1750082907131 0.0 21
1750082920528 0.0 22
1750082929798 0.0 23
1750082959379 0.0 24
1750082968440 0.0 25
1750082981971 0.0 26
1750082993568 0.0 27
1750083026009 0.0 28
1750083034899 0.0 29
1750083046516 0.0 30
1750083056994 0.0 31
1750083097227 0.0 32
1750083109511 0.0 33
1750083121221 0.0 34
1750083134076 0.0 35
1750083158927 0.0 36
1750083171603 0.0 37
1750083181125 0.0 38
1750083193776 0.0 39
1750083222917 0.0 40
1750083234745 0.0 41
1750083247660 0.0 42
1750083255884 0.0 43
1750083283684 0.0 44
1750083291816 0.0 45
1750083305686 0.0 46
1750083316451 0.0 47
1750083351031 0.0 48
1750083363754 0.0 49
1750083383931 0.0 50
1750083394032 0.0 51
1750083415097 0.0 52
1750083427000 0.0 53
1750083444338 0.0 54
1750083454034 0.0 55
1750083481397 0.0 56
1750083493747 0.0 57
1750083517299 0.0 58
1750083529761 0.0 59
1750083547719 0.0 60
1750083558008 0.0 61
1750083575860 0.0 62
1750083583973 0.0 63
1750083616643 0.0 64
1750083629224 0.0 65
1750083642734 0.0 66
1750083655422 0.0 67
1750083681000 0.0 68
1750083689125 0.0 69
1750083702476 0.0 70
1750083714474 0.0 71
1750083751484 0.0 72
1750083764170 0.0 73
1750083777081 0.0 74
1750083789697 0.0 75
1750083808977 0.0 76
1750083820682 0.0 77
1750083833036 0.0 78
1750083841080 0.0 79
1750083859779 0.0 80
1750083867077 0.0 81
1750083870325 0.0 82
1750084186736 0.0 82
1750084255205 1.0 83
1750084267877 1.0 84
1750084280421 1.0 85
1750084293035 1.0 86
1750084321906 1.0 87
1750084334647 1.0 88
1750084347056 1.0 89
1750084359632 1.0 90
1750084384226 1.0 91
1750084396929 1.0 92
1750084409551 1.0 93
1750084421843 1.0 94
1750084441082 1.0 95
1750084453744 1.0 96
1750084468361 1.0 97
1750084481033 1.0 98
1750084499809 1.0 99
1750084509619 1.0 100
1750084540501 1.0 101
1750084551414 1.0 102
1750084559329 1.0 103
1750084567475 1.0 104
1750084613528 1.0 105
1750084626237 1.0 106
1750084635894 1.0 107
1750084645416 1.0 108
1750084679885 1.0 109
1750084688111 1.0 110
1750084700664 1.0 111
1750084713365 1.0 112
1750084747230 1.0 113
1750084759845 1.0 114
1750084772345 1.0 115
1750084784970 1.0 116
1750084813093 1.0 117
1750084825764 1.0 118
1750084838331 1.0 119
1750084851171 1.0 120
1750084867923 1.0 121
1750084880546 1.0 122
1750084893606 1.0 123
1750084904363 1.0 124
1750084928779 1.0 125
1750084941381 1.0 126
1750084954302 1.0 127
1750084963790 1.0 128
1750084990285 1.0 129
1750084998546 1.0 130
1750085018665 1.0 131
1750085031329 1.0 132
1750085056783 1.0 133
1750085067125 1.0 134
1750085086226 1.0 135
1750085099073 1.0 136
1750085128534 1.0 137
1750085141268 1.0 138
1750085153372 1.0 139
1750085164822 1.0 140
1750085186897 1.0 141
1750085196388 1.0 142
1750085217068 1.0 143
1750085229844 1.0 144
1750085252029 1.0 145
1750085261617 1.0 146
1750085283112 1.0 147
1750085295736 1.0 148
1750085315956 1.0 149
1750085326537 1.0 150
1750085341583 1.0 151
1750085354184 1.0 152
1750085380255 1.0 153
1750085388400 1.0 154
1750085414106 1.0 155
1750085426975 1.0 156
1750085442637 1.0 157
1750085455229 1.0 158
1750085484736 1.0 159
1750085493183 1.0 160
1750085501098 1.0 161
1750085509245 1.0 162
1750085537580 1.0 163
1750085544902 1.0 164
1750085548158 1.0 165
1750085856458 1.0 165
1750085925577 2.0 166
1750085938146 2.0 167
1750085950709 2.0 168
1750085963462 2.0 169
1750085989842 2.0 170
1750086002490 2.0 171
1750086015064 2.0 172
1750086028029 2.0 173
1750086055241 2.0 174
1750086066312 2.0 175
1750086074559 2.0 176
1750086082606 2.0 177
1750086123866 2.0 178
1750086132097 2.0 179
1750086140053 2.0 180
1750086148007 2.0 181
1750086195213 2.0 182
1750086207878 2.0 183
1750086220553 2.0 184
1750086232425 2.0 185
1750086260355 2.0 186
1750086273006 2.0 187
1750086285958 2.0 188
1750086298691 2.0 189
1750086330609 2.0 190
1750086343178 2.0 191
1750086355785 2.0 192
1750086368311 2.0 193
1750086390884 2.0 194
1750086403760 2.0 195
1750086414295 2.0 196
1750086426902 2.0 197
1750086448090 2.0 198
1750086460728 2.0 199
1750086473429 2.0 200
1750086486218 2.0 201
1750086506306 2.0 202
1750086516131 2.0 203
1750086526081 2.0 204
1750086546285 2.0 205
1750086568479 2.0 206
1750086577771 2.0 207
1750086590707 2.0 208
1750086608058 2.0 209
1750086642365 2.0 210
1750086655184 2.0 211
1750086665628 2.0 212
1750086675399 2.0 213
1750086702421 2.0 214
1750086714951 2.0 215
1750086727510 2.0 216
1750086740067 2.0 217
1750086764729 2.0 218
1750086777376 2.0 219
1750086788672 2.0 220
1750086801560 2.0 221
1750086824975 2.0 222
1750086837540 2.0 223
1750086850378 2.0 224
1750086859740 2.0 225
1750086892271 2.0 226
1750086904934 2.0 227
1750086917709 2.0 228
1750086925640 2.0 229
1750086948021 2.0 230
1750086956072 2.0 231
1750086973210 2.0 232
1750086991367 2.0 233
1750087006971 2.0 234
1750087019663 2.0 235
1750087032302 2.0 236
1750087060518 2.0 237
1750087069302 2.0 238
1750087082038 2.0 239
1750087095561 2.0 240
1750087118636 2.0 241
1750087135847 2.0 242
1750087148497 2.0 243
1750087161384 2.0 244
1750087187749 2.0 245
1750087195080 2.0 246
1750087202610 2.0 247
1750087205900 2.0 248
1750087521959 2.0 248
1750087587626 3.0 249
1750087600104 3.0 250
1750087612946 3.0 251
1750087625450 3.0 252
1750087654386 3.0 253
1750087667677 3.0 254
1750087680153 3.0 255
1750087691454 3.0 256
1750087717429 3.0 257
1750087744042 3.0 258
1750087756511 3.0 259
1750087769213 3.0 260
1750087782003 3.0 261
1750087808081 3.0 262
1750087820642 3.0 263
1750087833555 3.0 264
1750087842877 3.0 265
1750087877877 3.0 266
1750087890761 3.0 267
1750087902108 3.0 268
1750087910042 3.0 269
1750087939555 3.0 270
1750087947667 3.0 271
1750087955793 3.0 272
1750087968657 3.0 273
1750088002714 3.0 274
1750088015351 3.0 275
1750088027983 3.0 276
1750088040633 3.0 277
1750088068999 3.0 278
1750088081481 3.0 279
1750088092709 3.0 280
1750088102271 3.0 281
1750088138919 3.0 282
1750088147234 3.0 283
1750088155309 3.0 284
1750088163348 3.0 285
1750088204114 3.0 286
1750088215208 3.0 287
1750088223274 3.0 288
1750088231282 3.0 289
1750088265177 3.0 290
1750088273210 3.0 291
1750088281081 3.0 292
1750088289379 3.0 293
1750088331625 3.0 294
1750088339778 3.0 295
1750088348594 3.0 296
1750088356550 3.0 297
1750088394059 3.0 298
1750088406904 3.0 299
1750088419545 3.0 300
1750088432180 3.0 301
1750088447087 3.0 302
1750088455360 3.0 303
1750088467799 3.0 304
1750088480129 3.0 305
1750088517030 3.0 306
1750088529766 3.0 307
1750088542444 3.0 308
1750088551018 3.0 309
1750088577452 3.0 310
1750088585441 3.0 311
1750088593385 3.0 312
1750088609019 3.0 313
1750088636711 3.0 314
1750088649406 3.0 315
1750088659235 3.0 316
1750088674809 3.0 317
1750088695284 3.0 318
1750088705897 3.0 319
1750088717376 3.0 320
1750088740158 3.0 321
1750088751125 3.0 322
1750088763371 3.0 323
1750088776021 3.0 324
1750088809017 3.0 325
1750088816874 3.0 326
1750088825730 3.0 327
1750088833823 3.0 328
1750088863177 3.0 329
1750088870517 3.0 330
1750088873777 3.0 331
1750089205852 3.0 331
1750089274161 4.0 332
1750089286882 4.0 333
1750089299407 4.0 334
1750089311875 4.0 335
1750089346910 4.0 336
1750089359465 4.0 337
1750089371950 4.0 338
1750089384811 4.0 339
1750089419448 4.0 340
1750089432088 4.0 341
1750089441438 4.0 342
1750089449428 4.0 343
1750089480139 4.0 344
1750089492993 4.0 345
1750089505638 4.0 346
1750089518206 4.0 347
1750089543154 4.0 348
1750089555846 4.0 349
1750089568225 4.0 350
1750089580713 4.0 351
1750089609273 4.0 352
1750089621662 4.0 353
1750089634194 4.0 354
1750089646978 4.0 355
1750089675945 4.0 356
1750089688571 4.0 357
1750089701483 4.0 358
1750089714034 4.0 359
1750089735337 4.0 360
1750089747994 4.0 361
1750089760846 4.0 362
1750089773441 4.0 363
1750089799842 4.0 364
1750089812761 4.0 365
1750089821462 4.0 366
1750089831206 4.0 367
1750089866293 4.0 368
1750089879000 4.0 369
1750089889818 4.0 370
1750089898042 4.0 371
1750089937347 4.0 372
1750089949743 4.0 373
1750089960946 4.0 374
1750089971785 4.0 375
1750090007613 4.0 376
1750090015701 4.0 377
1750090023909 4.0 378
1750090031916 4.0 379
1750090068588 4.0 380
1750090081502 4.0 381
1750090093600 4.0 382
1750090105873 4.0 383
1750090127190 4.0 384
1750090139789 4.0 385
1750090152559 4.0 386
1750090165305 4.0 387
1750090195813 4.0 388
1750090208498 4.0 389
1750090217873 4.0 390
1750090227190 4.0 391
1750090257528 4.0 392
1750090269538 4.0 393
1750090281931 4.0 394
1750090293359 4.0 395
1750090327227 4.0 396
1750090340411 4.0 397
1750090353433 4.0 398
1750090363654 4.0 399
1750090393180 4.0 400
1750090405659 4.0 401
1750090418339 4.0 402
1750090426708 4.0 403
1750090457655 4.0 404
1750090470343 4.0 405
1750090483155 4.0 406
1750090493776 4.0 407
1750090513453 4.0 408
1750090524906 4.0 409
1750090532647 4.0 410
1750090540197 4.0 411
1750090566115 4.0 412
1750090577608 4.0 413
1750090581053 4.0 414
1750090885758 4.0 414
1750090954097 5.0 415
1750090966741 5.0 416
1750090979636 5.0 417
1750090992467 5.0 418
1750091028550 5.0 419
1750091041028 5.0 420
1750091052654 5.0 421
1750091065154 5.0 422
1750091086485 5.0 423
1750091098385 5.0 424
1750091107502 5.0 425
1750091120072 5.0 426
1750091147825 5.0 427
1750091157041 5.0 428
1750091169639 5.0 429
1750091180240 5.0 430
1750091212065 5.0 431
1750091224789 5.0 432
1750091237351 5.0 433
1750091250225 5.0 434
1750091279853 5.0 435
1750091293234 5.0 436
1750091306264 5.0 437
1750091316393 5.0 438
1750091343463 5.0 439
1750091356684 5.0 440
1750091369802 5.0 441
1750091382573 5.0 442
1750091411011 5.0 443
1750091421392 5.0 444
1750091431027 5.0 445
1750091439329 5.0 446
1750091481325 5.0 447
1750091492493 5.0 448
1750091505318 5.0 449
1750091514913 5.0 450
1750091554784 5.0 451
1750091562763 5.0 452
1750091574496 5.0 453
1750091586272 5.0 454
1750091620691 5.0 455
1750091633138 5.0 456
1750091645763 5.0 457
1750091658489 5.0 458
1750091682955 5.0 459
1750091695616 5.0 460
1750091708337 5.0 461
1750091721103 5.0 462
1750091762419 5.0 463
1750091772994 5.0 464
1750091781484 5.0 465
1750091793643 5.0 466
1750091830742 5.0 467
1750091842498 5.0 468
1750091851852 5.0 469
1750091864257 5.0 470
1750091894768 5.0 471
1750091904916 5.0 472
1750091912868 5.0 473
1750091920844 5.0 474
1750091948597 5.0 475
1750091956491 5.0 476
1750091964479 5.0 477
1750091972465 5.0 478
1750092010870 5.0 479
1750092022142 5.0 480
1750092034760 5.0 481
1750092047884 5.0 482
1750092065505 5.0 483
1750092073471 5.0 484
1750092082021 5.0 485
1750092094640 5.0 486
1750092136519 5.0 487
1750092149318 5.0 488
1750092162196 5.0 489
1750092173801 5.0 490
1750092198271 5.0 491
1750092206533 5.0 492
1750092214324 5.0 493
1750092222063 5.0 494
1750092252197 5.0 495
1750092259503 5.0 496
1750092262716 5.0 497
1750092577579 5.0 497
1750092645719 6.0 498
1750092658530 6.0 499
1750092667926 6.0 500
1750092680451 6.0 501
1750092711944 6.0 502
1750092724564 6.0 503
1750092737080 6.0 504
1750092749972 6.0 505
1750092777535 6.0 506
1750092790132 6.0 507
1750092799779 6.0 508
1750092810363 6.0 509
1750092842674 6.0 510
1750092855816 6.0 511
1750092864174 6.0 512
1750092872966 6.0 513
1750092903090 6.0 514
1750092911542 6.0 515
1750092919629 6.0 516
1750092928104 6.0 517
1750092971941 6.0 518
1750092981222 6.0 519
1750092993942 6.0 520
1750093006736 6.0 521
1750093039219 6.0 522
1750093048744 6.0 523
1750093061711 6.0 524
1750093071223 6.0 525
1750093095251 6.0 526
1750093115462 6.0 527
1750093123510 6.0 528
1750093131692 6.0 529
1750093163899 6.0 530
1750093184709 6.0 531
1750093197363 6.0 532
1750093206611 6.0 533
1750093229139 6.0 534
1750093256049 6.0 535
1750093267308 6.0 536
1750093275491 6.0 537
1750093289812 6.0 538
1750093322744 6.0 539
1750093335469 6.0 540
1750093346569 6.0 541
1750093354842 6.0 542
1750093392115 6.0 543
1750093402322 6.0 544
1750093414738 6.0 545
1750093427485 6.0 546
1750093457381 6.0 547
1750093468347 6.0 548
1750093476925 6.0 549
1750093492745 6.0 550
1750093521449 6.0 551
1750093534156 6.0 552
1750093547151 6.0 553
1750093561031 6.0 554
1750093583459 6.0 555
1750093596363 6.0 556
1750093608231 6.0 557
1750093624274 6.0 558
1750093654864 6.0 559
1750093667074 6.0 560
1750093677677 6.0 561
1750093690690 6.0 562
1750093718645 6.0 563
1750093727607 6.0 564
1750093735662 6.0 565
1750093760707 6.0 566
1750093789172 6.0 567
1750093801877 6.0 568
1750093811594 6.0 569
1750093831860 6.0 570
1750093852946 6.0 571
1750093861235 6.0 572
1750093873890 6.0 573
1750093892592 6.0 574
1750093912170 6.0 575
1750093919799 6.0 576
1750093927364 6.0 577
1750093945831 6.0 578
1750093965545 6.0 579
1750093968800 6.0 580
1750094303332 6.0 580
1750094371310 7.0 581
1750094379271 7.0 582
1750094387003 7.0 583
1750094399593 7.0 584
1750094435124 7.0 585
1750094447905 7.0 586
1750094460415 7.0 587
1750094472990 7.0 588
1750094500026 7.0 589
1750094507851 7.0 590
1750094515880 7.0 591
1750094523965 7.0 592
1750094567868 7.0 593
1750094575754 7.0 594
1750094583919 7.0 595
1750094591905 7.0 596
1750094630603 7.0 597
1750094643535 7.0 598
1750094656411 7.0 599
1750094669049 7.0 600
1750094691231 7.0 601
1750094699619 7.0 602
1750094709806 7.0 603
1750094719207 7.0 604
1750094764639 7.0 605
1750094775332 7.0 606
1750094783300 7.0 607
1750094791401 7.0 608
1750094827092 7.0 609
1750094839682 7.0 610
1750094851748 7.0 611
1750094860973 7.0 612
1750094896482 7.0 613
1750094909119 7.0 614
1750094922010 7.0 615
1750094934669 7.0 616
1750094960959 7.0 617
1750094970128 7.0 618
1750094982806 7.0 619
1750094993968 7.0 620
1750095029229 7.0 621
1750095041944 7.0 622
1750095054448 7.0 623
1750095062842 7.0 624
1750095099052 7.0 625
1750095111445 7.0 626
1750095124131 7.0 627
1750095137274 7.0 628
1750095169628 7.0 629
1750095182139 7.0 630
1750095191894 7.0 631
1750095200063 7.0 632
1750095238698 7.0 633
1750095250200 7.0 634
1750095262332 7.0 635
1750095271269 7.0 636
1750095295830 7.0 637
1750095308043 7.0 638
1750095320207 7.0 639
1750095332845 7.0 640
1750095358446 7.0 641
1750095370023 7.0 642
1750095377913 7.0 643
1750095390916 7.0 644
1750095414498 7.0 645
1750095427164 7.0 646
1750095440166 7.0 647
1750095452046 7.0 648
1750095485222 7.0 649
1750095498199 7.0 650
1750095510895 7.0 651
1750095523713 7.0 652
1750095547693 7.0 653
1750095560721 7.0 654
1750095573362 7.0 655
1750095583824 7.0 656
1750095617178 7.0 657
1750095624948 7.0 658
1750095632656 7.0 659
1750095640504 7.0 660
1750095669713 7.0 661
1750095676995 7.0 662
1750095680218 7.0 663
1750095997446 7.0 663
1750096061323 8.0 664
1750096073949 8.0 665
1750096086524 8.0 666
1750096094674 8.0 667
1750096127326 8.0 668
1750096139985 8.0 669
1750096152601 8.0 670
1750096165519 8.0 671
1750096194550 8.0 672
1750096207146 8.0 673
1750096220122 8.0 674
1750096230480 8.0 675
1750096255175 8.0 676
1750096268167 8.0 677
1750096280922 8.0 678
1750096293493 8.0 679
1750096316311 8.0 680
1750096324887 8.0 681
1750096334435 8.0 682
1750096342805 8.0 683
1750096383734 8.0 684
1750096396302 8.0 685
1750096404263 8.0 686
1750096413133 8.0 687
1750096451839 8.0 688
1750096464354 8.0 689
1750096475257 8.0 690
1750096487498 8.0 691
1750096520177 8.0 692
1750096533019 8.0 693
1750096545823 8.0 694
1750096558631 8.0 695
1750096582811 8.0 696
1750096590981 8.0 697
1750096599008 8.0 698
1750096611606 8.0 699
1750096648858 8.0 700
1750096660975 8.0 701
1750096670857 8.0 702
1750096681342 8.0 703
1750096715241 8.0 704
1750096727328 8.0 705
1750096740123 8.0 706
1750096752883 8.0 707
1750096785589 8.0 708
1750096798402 8.0 709
1750096811101 8.0 710
1750096822266 8.0 711
1750096846672 8.0 712
1750096857239 8.0 713
1750096869483 8.0 714
1750096878544 8.0 715
1750096915467 8.0 716
1750096927507 8.0 717
1750096940101 8.0 718
1750096952842 8.0 719
1750096983778 8.0 720
1750096991765 8.0 721
1750097001233 8.0 722
1750097012296 8.0 723
1750097050180 8.0 724
1750097062766 8.0 725
1750097071142 8.0 726
1750097083969 8.0 727
1750097116825 8.0 728
1750097128449 8.0 729
1750097138678 8.0 730
1750097148745 8.0 731
1750097186368 8.0 732
1750097199082 8.0 733
1750097211094 8.0 734
1750097222588 8.0 735
1750097254450 8.0 736
1750097262514 8.0 737
1750097272294 8.0 738
1750097284327 8.0 739
1750097325884 8.0 740
1750097333410 8.0 741
1750097341198 8.0 742
1750097348621 8.0 743
1750097378015 8.0 744
1750097385471 8.0 745
1750097388694 8.0 746
1750097711250 8.0 746
1750097779458 9.0 747
1750097791980 9.0 748
1750097804883 9.0 749
1750097817473 9.0 750
1750097836149 9.0 751
1750097849269 9.0 752
1750097862155 9.0 753
1750097874728 9.0 754
1750097899319 9.0 755
1750097912308 9.0 756
1750097920904 9.0 757
1750097931223 9.0 758
1750097962488 9.0 759
1750097975082 9.0 760
1750097986771 9.0 761
1750097997724 9.0 762
1750098022216 9.0 763
1750098039725 9.0 764
1750098053024 9.0 765
1750098064629 9.0 766
1750098083711 9.0 767
1750098104448 9.0 768
1750098112958 9.0 769
1750098128589 9.0 770
1750098155493 9.0 771
1750098174707 9.0 772
1750098183103 9.0 773
1750098194330 9.0 774
1750098214405 9.0 775
1750098238449 9.0 776
1750098246357 9.0 777
1750098254709 9.0 778
1750098283401 9.0 779
1750098303460 9.0 780
1750098311794 9.0 781
1750098329795 9.0 782
1750098356708 9.0 783
1750098366810 9.0 784
1750098379815 9.0 785
1750098403829 9.0 786
1750098422174 9.0 787
1750098432552 9.0 788
1750098441790 9.0 789
1750098468241 9.0 790
1750098488035 9.0 791
1750098499390 9.0 792
1750098507573 9.0 793
1750098542599 9.0 794
1750098556420 9.0 795
1750098569186 9.0 796
1750098580660 9.0 797
1750098610185 9.0 798
1750098624109 9.0 799
1750098632125 9.0 800
1750098641027 9.0 801
1750098683229 9.0 802
1750098695746 9.0 803
1750098704016 9.0 804
1750098712010 9.0 805
1750098739675 9.0 806
1750098749220 9.0 807
1750098770211 9.0 808
1750098782960 9.0 809
1750098820823 9.0 810
1750098833139 9.0 811
1750098845228 9.0 812
1750098856352 9.0 813
1750098888485 9.0 814
1750098896683 9.0 815
1750098905101 9.0 816
1750098917567 9.0 817
1750098961232 9.0 818
1750098973583 9.0 819
1750098985368 9.0 820
1750098994903 9.0 821
1750099033595 9.0 822
1750099042811 9.0 823
1750099055579 9.0 824
1750099064019 9.0 825
1750099090198 9.0 826
1750099097840 9.0 827
1750099105193 9.0 828
1750099108438 9.0 829
1750099429388 9.0 829
1750099498128 10.0 830
1750099510941 10.0 831
1750099523092 10.0 832
1750099535852 10.0 833
1750099557531 10.0 834
1750099570263 10.0 835
1750099582485 10.0 836
1750099593650 10.0 837
1750099617731 10.0 838
1750099630347 10.0 839
1750099648874 10.0 840
1750099657355 10.0 841
1750099688582 10.0 842
1750099701198 10.0 843
1750099714965 10.0 844
1750099726394 10.0 845
1750099744931 10.0 846
1750099767458 10.0 847
1750099778761 10.0 848
1750099788242 10.0 849
1750099816147 10.0 850
1750099833365 10.0 851
1750099844955 10.0 852
1750099857227 10.0 853
1750099878396 10.0 854
1750099895152 10.0 855
1750099913599 10.0 856
1750099926495 10.0 857
1750099941751 10.0 858
1750099957368 10.0 859
1750099979479 10.0 860
1750099992281 10.0 861
1750100003740 10.0 862
1750100027948 10.0 863
1750100048345 10.0 864
1750100058459 10.0 865
1750100074211 10.0 866
1750100093003 10.0 867
1750100109548 10.0 868
1750100118225 10.0 869
1750100135674 10.0 870
1750100159164 10.0 871
1750100178561 10.0 872
1750100187129 10.0 873
1750100196517 10.0 874
1750100224852 10.0 875
1750100250370 10.0 876
1750100263061 10.0 877
1750100271303 10.0 878
1750100293437 10.0 879
1750100324627 10.0 880
1750100336216 10.0 881
1750100347449 10.0 882
1750100355690 10.0 883
1750100396723 10.0 884
1750100406469 10.0 885
1750100417081 10.0 886
1750100429715 10.0 887
1750100458293 10.0 888
1750100467320 10.0 889
1750100483216 10.0 890
1750100495185 10.0 891
1750100525134 10.0 892
1750100533536 10.0 893
1750100555301 10.0 894
1750100566447 10.0 895
1750100589278 10.0 896
1750100599883 10.0 897
1750100623160 10.0 898
1750100633208 10.0 899
1750100648985 10.0 900
1750100659303 10.0 901
1750100689887 10.0 902
1750100699380 10.0 903
1750100717340 10.0 904
1750100729186 10.0 905
1750100753488 10.0 906
1750100762265 10.0 907
1750100775925 10.0 908
1750100784243 10.0 909
1750100809151 10.0 910
1750100816480 10.0 911
1750100819701 10.0 912
1750101144591 10.0 912
1750101212941 11.0 913
1750101224971 11.0 914
1750101237535 11.0 915
1750101250332 11.0 916
1750101285031 11.0 917
1750101297284 11.0 918
1750101310183 11.0 919
1750101322170 11.0 920
1750101358531 11.0 921
1750101371392 11.0 922
1750101382122 11.0 923
1750101394121 11.0 924
1750101428730 11.0 925
1750101439682 11.0 926
1750101450316 11.0 927
1750101462567 11.0 928
1750101492685 11.0 929
1750101500657 11.0 930
1750101508661 11.0 931
1750101517050 11.0 932
1750101561474 11.0 933
1750101572553 11.0 934
1750101584875 11.0 935
1750101597541 11.0 936
1750101624921 11.0 937
1750101633661 11.0 938
1750101643569 11.0 939
1750101653053 11.0 940
1750101696543 11.0 941
1750101709458 11.0 942
1750101720457 11.0 943
1750101733183 11.0 944
1750101752773 11.0 945
1750101761147 11.0 946
1750101772563 11.0 947
1750101785534 11.0 948
1750101821532 11.0 949
1750101834131 11.0 950
1750101846972 11.0 951
1750101858488 11.0 952
1750101884067 11.0 953
1750101892343 11.0 954
1750101900616 11.0 955
1750101910927 11.0 956
1750101950510 11.0 957
1750101961352 11.0 958
1750101970791 11.0 959
1750101979074 11.0 960
1750102014977 11.0 961
1750102027184 11.0 962
1750102036546 11.0 963
1750102047287 11.0 964
1750102084640 11.0 965
1750102093136 11.0 966
1750102105500 11.0 967
1750102118425 11.0 968
1750102150548 11.0 969
1750102163324 11.0 970
1750102174419 11.0 971
1750102184669 11.0 972
1750102215478 11.0 973
1750102228824 11.0 974
1750102239332 11.0 975
1750102251501 11.0 976
1750102276887 11.0 977
1750102285073 11.0 978
1750102293186 11.0 979
1750102305925 11.0 980
1750102349551 11.0 981
1750102358849 11.0 982
1750102370548 11.0 983
1750102378891 11.0 984
1750102414164 11.0 985
1750102425087 11.0 986
1750102436873 11.0 987
1750102448331 11.0 988
1750102481448 11.0 989
1750102489145 11.0 990
1750102496552 11.0 991
1750102504067 11.0 992
1750102533637 11.0 993
1750102541130 11.0 994
1750102544362 11.0 995
1750102867783 11.0 995
1750102935579 12.0 996
1750102948504 12.0 997
1750102957727 12.0 998
1750102970263 12.0 999
1750103003121 12.0 1000
1750103015894 12.0 1001
1750103027087 12.0 1002
1750103037008 12.0 1003
1750103068849 12.0 1004
1750103080688 12.0 1005
1750103089771 12.0 1006
1750103102594 12.0 1007
1750103131402 12.0 1008
1750103143927 12.0 1009
1750103152321 12.0 1010
1750103163421 12.0 1011
1750103200073 12.0 1012
1750103210349 12.0 1013
1750103218372 12.0 1014
1750103226604 12.0 1015
1750103268470 12.0 1016
1750103276891 12.0 1017
1750103284867 12.0 1018
1750103292996 12.0 1019
1750103336385 12.0 1020
1750103346719 12.0 1021
1750103358280 12.0 1022
1750103371374 12.0 1023
1750103398486 12.0 1024
1750103407587 12.0 1025
1750103418272 12.0 1026
1750103430436 12.0 1027
1750103463328 12.0 1028
1750103473484 12.0 1029
1750103484333 12.0 1030
1750103497052 12.0 1031
1750103528514 12.0 1032
1750103536982 12.0 1033
1750103546033 12.0 1034
1750103554149 12.0 1035
1750103594386 12.0 1036
1750103602439 12.0 1037
1750103611608 12.0 1038
1750103621181 12.0 1039
1750103668630 12.0 1040
1750103680025 12.0 1041
1750103692085 12.0 1042
1750103704653 12.0 1043
1750103736218 12.0 1044
1750103746460 12.0 1045
1750103758792 12.0 1046
1750103770142 12.0 1047
1750103801620 12.0 1048
1750103814654 12.0 1049
1750103827236 12.0 1050
1750103840037 12.0 1051
1750103859911 12.0 1052
1750103871476 12.0 1053
1750103884038 12.0 1054
1750103893201 12.0 1055
1750103927358 12.0 1056
1750103937806 12.0 1057
1750103945732 12.0 1058
1750103954501 12.0 1059
1750103995072 12.0 1060
1750104005397 12.0 1061
1750104017703 12.0 1062
1750104030580 12.0 1063
1750104064720 12.0 1064
1750104074832 12.0 1065
1750104082850 12.0 1066
1750104092947 12.0 1067
1750104126032 12.0 1068
1750104136219 12.0 1069
1750104144788 12.0 1070
1750104157387 12.0 1071
1750104189250 12.0 1072
1750104197719 12.0 1073
1750104206367 12.0 1074
1750104215144 12.0 1075
1750104245624 12.0 1076
1750104252978 12.0 1077
1750104256231 12.0 1078
1750104579649 12.0 1078
1750104648272 13.0 1079
1750104660850 13.0 1080
1750104670743 13.0 1081
1750104683393 13.0 1082
1750104704735 13.0 1083
1750104712794 13.0 1084
1750104724070 13.0 1085
1750104732363 13.0 1086
1750104778344 13.0 1087
1750104791010 13.0 1088
1750104803841 13.0 1089
1750104816642 13.0 1090
1750104848720 13.0 1091
1750104860585 13.0 1092
1750104868817 13.0 1093
1750104880378 13.0 1094
1750104918306 13.0 1095
1750104930872 13.0 1096
1750104943497 13.0 1097
1750104956569 13.0 1098
1750104980416 13.0 1099
1750104992234 13.0 1100
1750105004315 13.0 1101
1750105017541 13.0 1102
1750105039371 13.0 1103
1750105051430 13.0 1104
1750105059660 13.0 1105
1750105071995 13.0 1106
1750105104094 13.0 1107
1750105115882 13.0 1108
1750105124365 13.0 1109
1750105136579 13.0 1110
1750105170330 13.0 1111
1750105183224 13.0 1112
1750105192916 13.0 1113
1750105203412 13.0 1114
1750105232265 13.0 1115
1750105242440 13.0 1116
1750105259693 13.0 1117
1750105267888 13.0 1118
1750105291510 13.0 1119
1750105300666 13.0 1120
1750105333086 13.0 1121
1750105343272 13.0 1122
1750105364739 13.0 1123
1750105376274 13.0 1124
1750105405739 13.0 1125
1750105417915 13.0 1126
1750105429737 13.0 1127
1750105442731 13.0 1128
1750105476373 13.0 1129
1750105486247 13.0 1130
1750105496898 13.0 1131
1750105509547 13.0 1132
1750105544419 13.0 1133
1750105554214 13.0 1134
1750105568941 13.0 1135
1750105581803 13.0 1136
1750105608994 13.0 1137
1750105621893 13.0 1138
1750105629943 13.0 1139
1750105637887 13.0 1140
1750105683628 13.0 1141
1750105696252 13.0 1142
1750105704294 13.0 1143
1750105717130 13.0 1144
1750105745654 13.0 1145
1750105758312 13.0 1146
1750105771016 13.0 1147
1750105779005 13.0 1148
1750105807953 13.0 1149
1750105820725 13.0 1150
1750105833312 13.0 1151
1750105845932 13.0 1152
1750105864970 13.0 1153
1750105877325 13.0 1154
1750105886020 13.0 1155
1750105893837 13.0 1156
1750105919478 13.0 1157
1750105927429 13.0 1158
1750105940323 13.0 1159
1750105947879 13.0 1160
1750105951118 13.0 1161
1750106272076 13.0 1161
1750106340910 14.0 1162
1750106353344 14.0 1163
1750106366142 14.0 1164
1750106378567 14.0 1165
1750106405153 14.0 1166
1750106417858 14.0 1167
1750106430318 14.0 1168
1750106439439 14.0 1169
1750106469117 14.0 1170
1750106481735 14.0 1171
1750106494130 14.0 1172
1750106506583 14.0 1173
1750106534069 14.0 1174
1750106546578 14.0 1175
1750106558948 14.0 1176
1750106571757 14.0 1177
1750106598324 14.0 1178
1750106610818 14.0 1179
1750106623603 14.0 1180
1750106636115 14.0 1181
1750106665421 14.0 1182
1750106678116 14.0 1183
1750106689138 14.0 1184
1750106701641 14.0 1185
1750106729855 14.0 1186
1750106741366 14.0 1187
1750106753704 14.0 1188
1750106766162 14.0 1189
1750106798621 14.0 1190
1750106811085 14.0 1191
1750106823645 14.0 1192
1750106836438 14.0 1193
1750106862683 14.0 1194
1750106875258 14.0 1195
1750106887696 14.0 1196
1750106900425 14.0 1197
1750106934523 14.0 1198
1750106946934 14.0 1199
1750106958588 14.0 1200
1750106971121 14.0 1201
1750106991748 14.0 1202
1750107004546 14.0 1203
1750107016262 14.0 1204
1750107028739 14.0 1205
1750107062209 14.0 1206
1750107071392 14.0 1207
1750107080680 14.0 1208
1750107089007 14.0 1209
1750107125085 14.0 1210
1750107137486 14.0 1211
1750107146656 14.0 1212
1750107159361 14.0 1213
1750107186844 14.0 1214
1750107199300 14.0 1215
1750107211951 14.0 1216
1750107224546 14.0 1217
1750107250260 14.0 1218
1750107258361 14.0 1219
1750107266295 14.0 1220
1750107278708 14.0 1221
1750107319186 14.0 1222
1750107329738 14.0 1223
1750107337564 14.0 1224
1750107345371 14.0 1225
1750107381249 14.0 1226
1750107393594 14.0 1227
1750107406186 14.0 1228
1750107418981 14.0 1229
1750107437378 14.0 1230
1750107449798 14.0 1231
1750107462623 14.0 1232
1750107475216 14.0 1233
1750107509019 14.0 1234
1750107517506 14.0 1235
1750107529960 14.0 1236
1750107541182 14.0 1237
1750107569679 14.0 1238
1750107577268 14.0 1239
1750107584638 14.0 1240
1750107592077 14.0 1241
1750107621446 14.0 1242
1750107628782 14.0 1243
1750107632044 14.0 1244
1750107937341 14.0 1244
1750108004903 15.0 1245
1750108012935 15.0 1246
1750108022247 15.0 1247
1750108034795 15.0 1248
1750108071774 15.0 1249
1750108084289 15.0 1250
1750108096752 15.0 1251
1750108109449 15.0 1252
1750108135514 15.0 1253
1750108148070 15.0 1254
1750108156189 15.0 1255
1750108164252 15.0 1256
1750108195896 15.0 1257
1750108208571 15.0 1258
1750108221010 15.0 1259
1750108229033 15.0 1260
1750108267145 15.0 1261
1750108280261 15.0 1262
1750108292984 15.0 1263
1750108305559 15.0 1264
1750108331416 15.0 1265
1750108344092 15.0 1266
1750108356928 15.0 1267
1750108365120 15.0 1268
1750108399634 15.0 1269
1750108407615 15.0 1270
1750108415685 15.0 1271
1750108423779 15.0 1272
1750108474379 15.0 1273
1750108484323 15.0 1274
1750108493157 15.0 1275
1750108505761 15.0 1276
1750108536795 15.0 1277
1750108549702 15.0 1278
1750108558270 15.0 1279
1750108567855 15.0 1280
1750108600604 15.0 1281
1750108611039 15.0 1282
1750108621639 15.0 1283
1750108633770 15.0 1284
1750108658382 15.0 1285
1750108666359 15.0 1286
1750108674406 15.0 1287
1750108683493 15.0 1288
1750108730932 15.0 1289
1750108743336 15.0 1290
1750108751584 15.0 1291
1750108763258 15.0 1292
1750108792856 15.0 1293
1750108804977 15.0 1294
1750108817168 15.0 1295
1750108828545 15.0 1296
1750108853814 15.0 1297
1750108863835 15.0 1298
1750108873592 15.0 1299
1750108886363 15.0 1300
1750108916722 15.0 1301
1750108926681 15.0 1302
1750108936547 15.0 1303
1750108944848 15.0 1304
1750108983105 15.0 1305
1750108993526 15.0 1306
1750109002589 15.0 1307
1750109014153 15.0 1308
1750109045249 15.0 1309
1750109056076 15.0 1310
1750109070124 15.0 1311
1750109082890 15.0 1312
1750109104847 15.0 1313
1750109115700 15.0 1314
1750109138430 15.0 1315
1750109147822 15.0 1316
1750109175648 15.0 1317
1750109185814 15.0 1318
1750109201836 15.0 1319
1750109214636 15.0 1320
1750109237711 15.0 1321
1750109254665 15.0 1322
1750109274039 15.0 1323
1750109282140 15.0 1324
1750109291846 15.0 1325
1750109305775 15.0 1326
1750109309013 15.0 1327
1750109635513 15.0 1327
1750109703869 16.0 1328
1750109716287 16.0 1329
1750109728684 16.0 1330
1750109741361 16.0 1331
1750109760138 16.0 1332
1750109772587 16.0 1333
1750109785368 16.0 1334
1750109797854 16.0 1335
1750109816959 16.0 1336
1750109832881 16.0 1337
1750109845260 16.0 1338
1750109858029 16.0 1339
1750109883400 16.0 1340
1750109896540 16.0 1341
1750109909020 16.0 1342
1750109918388 16.0 1343
1750109951990 16.0 1344
1750109964443 16.0 1345
1750109976911 16.0 1346
1750109985077 16.0 1347
1750110017299 16.0 1348
1750110029724 16.0 1349
1750110042389 16.0 1350
1750110050457 16.0 1351
1750110081745 16.0 1352
1750110094506 16.0 1353
1750110106995 16.0 1354
1750110119421 16.0 1355
1750110143492 16.0 1356
1750110155262 16.0 1357
1750110167815 16.0 1358
1750110180466 16.0 1359
1750110215865 16.0 1360
1750110228473 16.0 1361
1750110241017 16.0 1362
1750110253754 16.0 1363
1750110292767 16.0 1364
1750110303952 16.0 1365
1750110316624 16.0 1366
1750110329103 16.0 1367
1750110354266 16.0 1368
1750110366705 16.0 1369
1750110376115 16.0 1370
1750110388560 16.0 1371
1750110409947 16.0 1372
1750110422692 16.0 1373
1750110435061 16.0 1374
1750110447585 16.0 1375
1750110477851 16.0 1376
1750110490288 16.0 1377
1750110502690 16.0 1378
1750110515383 16.0 1379
1750110548762 16.0 1380
1750110561186 16.0 1381
1750110573874 16.0 1382
1750110586437 16.0 1383
1750110609545 16.0 1384
1750110617909 16.0 1385
1750110626157 16.0 1386
1750110638754 16.0 1387
1750110677590 16.0 1388
1750110690038 16.0 1389
1750110702607 16.0 1390
1750110715063 16.0 1391
1750110746621 16.0 1392
1750110754394 16.0 1393
1750110762247 16.0 1394
1750110770309 16.0 1395
1750110815999 16.0 1396
1750110826663 16.0 1397
1750110834963 16.0 1398
1750110847483 16.0 1399
1750110873278 16.0 1400
1750110885714 16.0 1401
1750110895651 16.0 1402
1750110903593 16.0 1403
1750110936902 16.0 1404
1750110944520 16.0 1405
1750110951903 16.0 1406
1750110959311 16.0 1407
1750110989377 16.0 1408
1750110996709 16.0 1409
1750110999984 16.0 1410
1750111301764 16.0 1410
