1750082527241 3863.276123046875 0
1750082540242 3607.87109375 1
1750082553552 3829.68896484375 2
1750082566755 3713.94580078125 3
1750082616168 3677.316162109375 4
1750082625226 3145.95654296875 5
1750082634879 3130.870361328125 6
1750082647894 2734.6123046875 7
1750082687959 3312.721435546875 8
1750082698478 2914.58056640625 9
1750082707073 2661.038818359375 10
1750082717132 2873.7978515625 11
1750082754547 2854.925048828125 12
1750082764949 3046.056396484375 13
1750082773805 2949.946533203125 14
1750082782651 2919.31982421875 15
1750082829751 2872.826416015625 16
1750082841896 2840.143310546875 17
1750082850784 3013.0380859375 18
1750082860665 2892.123291015625 19
1750082896593 2887.197998046875 20
1750082907131 2460.110107421875 21
1750082920528 2834.48583984375 22
1750082929798 2887.996337890625 23
1750082959379 2949.609375 24
1750082968440 2786.03173828125 25
1750082981971 2689.126953125 26
1750082993568 2948.027099609375 27
1750083026009 2706.21630859375 28
1750083034899 2702.463623046875 29
1750083046516 2748.85595703125 30
1750083056994 2924.878173828125 31
1750083097227 2889.919677734375 32
1750083109511 2801.515625 33
1750083121221 2792.649169921875 34
1750083134076 2676.684814453125 35
1750083158927 2699.111572265625 36
1750083171603 2630.160888671875 37
1750083181125 2720.330078125 38
1750083193776 2669.177001953125 39
1750083222917 2636.410888671875 40
1750083234745 2704.57666015625 41
1750083247660 2706.44775390625 42
1750083255884 2800.05517578125 43
1750083283684 2899.22021484375 44
1750083291816 2720.716796875 45
1750083305686 2947.743896484375 46
1750083316451 2824.544677734375 47
1750083351031 2684.715576171875 48
1750083363754 2493.635009765625 49
1750083383931 2675.27880859375 50
1750083394032 2719.96240234375 51
1750083415097 2782.278076171875 52
1750083427000 2716.028076171875 53
1750083444338 2630.3994140625 54
1750083454034 2748.856201171875 55
1750083481397 2605.2529296875 56
1750083493747 2683.60595703125 57
1750083517299 2665.899658203125 58
1750083529761 2677.751220703125 59
1750083547719 2816.027099609375 60
1750083558008 2636.89013671875 61
1750083575860 2585.586669921875 62
1750083583973 2527.596435546875 63
1750083616643 2640.900634765625 64
1750083629224 2589.37548828125 65
1750083642734 2557.111083984375 66
1750083655422 2617.97705078125 67
1750083681000 2477.788818359375 68
1750083689125 2457.9462890625 69
1750083702476 2365.3955078125 70
1750083714474 2607.47265625 71
1750083751484 2143.421875 72
1750083764170 2253.58056640625 73
1750083777081 2539.642822265625 74
1750083789697 1952.1190185546875 75
1750083808977 2272.935302734375 76
1750083820682 1846.1279296875 77
1750083833036 1661.615478515625 78
1750083841080 1973.472900390625 79
1750083859779 1629.204833984375 80
1750083867077 1366.60498046875 81
1750083870325 1139.2127685546875 82
1750084255205 1076.8431396484375 83
1750084267877 1716.8038330078125 84
1750084280421 6817.37548828125 85
1750084293035 3752.744140625 86
1750084321906 902.4363403320312 87
1750084334647 6194.38427734375 88
1750084347056 1142.9415283203125 89
1750084359632 2799.511474609375 90
1750084384226 3287.05810546875 91
1750084396929 3361.2822265625 92
1750084409551 3304.85009765625 93
1750084421843 3325.491455078125 94
1750084441082 3264.818359375 95
1750084453744 3380.482177734375 96
1750084468361 2918.46533203125 97
1750084481033 3164.01220703125 98
1750084499809 2877.119873046875 99
1750084509619 2864.7998046875 100
1750084540501 2427.167724609375 101
1750084551414 2500.264892578125 102
1750084559329 2038.4483642578125 103
1750084567475 1909.0887451171875 104
1750084613528 2232.086181640625 105
1750084626237 2215.04541015625 106
1750084635894 2210.010498046875 107
1750084645416 2292.770263671875 108
1750084679885 2185.63037109375 109
1750084688111 2164.714599609375 110
1750084700664 2067.29150390625 111
1750084713365 1927.899169921875 112
1750084747230 2048.9638671875 113
1750084759845 2059.49951171875 114
1750084772345 1826.14404296875 115
1750084784970 1995.34716796875 116
1750084813093 1644.0380859375 117
1750084825764 1543.580810546875 118
1750084838331 1552.564208984375 119
1750084851171 1576.244873046875 120
1750084867923 1261.748046875 121
1750084880546 1328.916015625 122
1750084893606 1308.7537841796875 123
1750084904363 1325.259765625 124
1750084928779 1147.1217041015625 125
1750084941381 916.8392333984375 126
1750084954302 1151.6978759765625 127
1750084963790 863.7409057617188 128
1750084990285 1129.4798583984375 129
1750084998546 1103.212646484375 130
1750085018665 1090.6751708984375 131
1750085031329 1077.7535400390625 132
1750085056783 1044.1912841796875 133
1750085067125 1058.997802734375 134
1750085086226 949.7632446289062 135
1750085099073 1131.71044921875 136
1750085128534 1201.0618896484375 137
1750085141268 1138.4161376953125 138
1750085153372 1140.7086181640625 139
1750085164822 1019.5145263671875 140
1750085186897 998.6636352539062 141
1750085196388 1019.8740844726562 142
1750085217068 981.6442260742188 143
1750085229844 947.1332397460938 144
1750085252029 1078.545166015625 145
1750085261617 876.9632568359375 146
1750085283112 1002.1024169921875 147
1750085295736 941.9739990234375 148
1750085315956 835.3043212890625 149
1750085326537 946.268798828125 150
1750085341583 978.0387573242188 151
1750085354184 1021.0149536132812 152
1750085380255 899.1862182617188 153
1750085388400 981.0761108398438 154
1750085414106 853.883056640625 155
1750085426975 979.60498046875 156
1750085442637 944.3954467773438 157
1750085455229 930.6660766601562 158
1750085484736 903.3333129882812 159
1750085493183 938.0748291015625 160
1750085501098 963.6661376953125 161
1750085509245 850.5740356445312 162
1750085537580 951.3790283203125 163
1750085544902 780.43603515625 164
1750085548158 882.1197509765625 165
1750085925577 872.3746948242188 166
1750085938146 1020.9400024414062 167
1750085950709 786.05517578125 168
1750085963462 924.678466796875 169
1750085989842 879.9353637695312 170
1750086002490 875.9539794921875 171
1750086015064 925.7229614257812 172
1750086028029 925.444580078125 173
1750086055241 860.2680053710938 174
1750086066312 890.5587158203125 175
1750086074559 887.8501586914062 176
1750086082606 972.740234375 177
1750086123866 928.610107421875 178
1750086132097 774.7694091796875 179
1750086140053 821.65625 180
1750086148007 701.2149047851562 181
1750086195213 876.3839721679688 182
1750086207878 771.0079345703125 183
1750086220553 848.8312377929688 184
1750086232425 873.3416137695312 185
1750086260355 865.8182983398438 186
1750086273006 764.6798095703125 187
1750086285958 788.8056640625 188
1750086298691 804.6525268554688 189
1750086330609 783.650390625 190
1750086343178 764.3778686523438 191
1750086355785 909.1724853515625 192
1750086368311 809.4371337890625 193
1750086390884 836.5110473632812 194
1750086403760 801.5186157226562 195
1750086414295 910.492431640625 196
1750086426902 881.3114013671875 197
1750086448090 871.4893798828125 198
1750086460728 726.4554443359375 199
1750086473429 829.5433349609375 200
1750086486218 753.660400390625 201
1750086506306 761.1336669921875 202
1750086516131 876.3495483398438 203
1750086526081 859.6553955078125 204
1750086546285 816.9024658203125 205
1750086568479 864.8619384765625 206
1750086577771 752.875 207
1750086590707 741.6370239257812 208
1750086608058 783.8139038085938 209
1750086642365 806.31201171875 210
1750086655184 767.6505737304688 211
1750086665628 726.8304443359375 212
1750086675399 848.8257446289062 213
1750086702421 804.36279296875 214
1750086714951 787.3282470703125 215
1750086727510 881.32080078125 216
1750086740067 807.806884765625 217
1750086764729 845.15087890625 218
1750086777376 779.0982055664062 219
1750086788672 746.7127075195312 220
1750086801560 953.1630859375 221
1750086824975 684.3352661132812 222
1750086837540 782.8451538085938 223
1750086850378 856.9593505859375 224
1750086859740 859.983642578125 225
1750086892271 788.2238159179688 226
1750086904934 847.3997192382812 227
1750086917709 694.9197387695312 228
1750086925640 700.642822265625 229
1750086948021 935.4811401367188 230
1750086956072 736.6387939453125 231
1750086973210 862.1605834960938 232
1750086991367 803.889892578125 233
1750087006971 762.7769165039062 234
1750087019663 850.375244140625 235
1750087032302 873.0250854492188 236
1750087060518 961.5098266601562 237
1750087069302 636.5735473632812 238
1750087082038 846.0806274414062 239
1750087095561 837.632080078125 240
1750087118636 799.613525390625 241
1750087135847 885.2132568359375 242
1750087148497 774.227783203125 243
1750087161384 817.68408203125 244
1750087187749 806.6961059570312 245
1750087195080 968.51318359375 246
1750087202610 778.1388549804688 247
1750087205900 869.5812377929688 248
1750087587626 814.8709106445312 249
1750087600104 902.0294799804688 250
1750087612946 825.0995483398438 251
1750087625450 814.5409545898438 252
1750087654386 825.6424560546875 253
1750087667677 881.5973510742188 254
1750087680153 790.0763549804688 255
1750087691454 792.5797729492188 256
1750087717429 728.2725830078125 257
1750087744042 813.6455078125 258
1750087756511 897.6380615234375 259
1750087769213 863.5791625976562 260
1750087782003 847.125732421875 261
1750087808081 772.244873046875 262
1750087820642 855.571533203125 263
1750087833555 657.2765502929688 264
1750087842877 806.5055541992188 265
1750087877877 727.4829711914062 266
1750087890761 752.37646484375 267
1750087902108 809.8718872070312 268
1750087910042 795.8569946289062 269
1750087939555 794.6533203125 270
1750087947667 778.9409790039062 271
1750087955793 793.3446655273438 272
1750087968657 764.1513061523438 273
1750088002714 773.8729858398438 274
1750088015351 909.6134033203125 275
1750088027983 784.36474609375 276
1750088040633 748.08837890625 277
1750088068999 878.4579467773438 278
1750088081481 727.90185546875 279
1750088092709 697.2959594726562 280
1750088102271 752.547607421875 281
1750088138919 772.9031372070312 282
1750088147234 875.9181518554688 283
1750088155309 710.6922607421875 284
1750088163348 798.9017333984375 285
1750088204114 807.2835083007812 286
1750088215208 841.2673950195312 287
1750088223274 927.6018676757812 288
1750088231282 814.6932983398438 289
1750088265177 775.8467407226562 290
1750088273210 740.1806640625 291
1750088281081 824.335205078125 292
1750088289379 933.704345703125 293
1750088331625 697.3489990234375 294
1750088339778 929.4490356445312 295
1750088348594 842.653564453125 296
1750088356550 824.67236328125 297
1750088394059 863.3119506835938 298
1750088406904 823.637451171875 299
1750088419545 883.74560546875 300
1750088432180 790.0181884765625 301
1750088447087 793.5526123046875 302
1750088455360 819.400390625 303
1750088467799 838.1273193359375 304
1750088480129 749.403564453125 305
1750088517030 808.0936279296875 306
1750088529766 835.99365234375 307
1750088542444 779.26220703125 308
1750088551018 719.9223022460938 309
1750088577452 856.5867309570312 310
1750088585441 757.427734375 311
1750088593385 757.6421508789062 312
1750088609019 815.0740966796875 313
1750088636711 830.4613037109375 314
1750088649406 700.00830078125 315
1750088659235 702.1600341796875 316
1750088674809 678.956298828125 317
1750088695284 914.8223876953125 318
1750088705897 695.5313720703125 319
1750088717376 755.5733642578125 320
1750088740158 826.7483520507812 321
1750088751125 659.5147094726562 322
1750088763371 784.1441650390625 323
1750088776021 826.5408935546875 324
1750088809017 840.5244750976562 325
1750088816874 747.927490234375 326
1750088825730 740.0760498046875 327
1750088833823 726.7932739257812 328
1750088863177 746.3006591796875 329
1750088870517 829.6317138671875 330
1750088873777 781.8848266601562 331
1750089274161 825.1593627929688 332
1750089286882 741.732666015625 333
1750089299407 719.2678833007812 334
1750089311875 709.3453979492188 335
1750089346910 754.64404296875 336
1750089359465 701.125 337
1750089371950 776.5611572265625 338
1750089384811 813.5534057617188 339
1750089419448 623.6132202148438 340
1750089432088 772.5986938476562 341
1750089441438 803.7301025390625 342
1750089449428 732.8826293945312 343
1750089480139 793.8389892578125 344
1750089492993 814.6840209960938 345
1750089505638 759.5552978515625 346
1750089518206 766.7391357421875 347
1750089543154 766.4271240234375 348
1750089555846 864.8182983398438 349
1750089568225 818.546875 350
1750089580713 716.8692016601562 351
1750089609273 788.796875 352
1750089621662 664.0853271484375 353
1750089634194 686.8551025390625 354
1750089646978 781.4873046875 355
1750089675945 767.894775390625 356
1750089688571 671.6542358398438 357
1750089701483 750.7822265625 358
1750089714034 852.219482421875 359
1750089735337 869.3446655273438 360
1750089747994 773.1356201171875 361
1750089760846 858.6212768554688 362
1750089773441 719.3219604492188 363
1750089799842 723.9959716796875 364
1750089812761 740.5836791992188 365
1750089821462 708.7596435546875 366
1750089831206 694.573486328125 367
1750089866293 663.2293701171875 368
1750089879000 825.470947265625 369
1750089889818 738.7753295898438 370
1750089898042 779.6043090820312 371
1750089937347 702.032958984375 372
1750089949743 896.1957397460938 373
1750089960946 698.725830078125 374
1750089971785 816.2476196289062 375
1750090007613 750.102783203125 376
1750090015701 796.5059814453125 377
1750090023909 768.9943237304688 378
1750090031916 805.9465942382812 379
1750090068588 869.2114868164062 380
1750090081502 785.2705688476562 381
1750090093600 773.9287719726562 382
1750090105873 759.0274047851562 383
1750090127190 813.8272094726562 384
1750090139789 763.0992431640625 385
1750090152559 766.5046997070312 386
1750090165305 721.1118774414062 387
1750090195813 734.3229370117188 388
1750090208498 735.54638671875 389
1750090217873 649.6624755859375 390
1750090227190 823.9744262695312 391
1750090257528 656.73681640625 392
1750090269538 781.6135864257812 393
1750090281931 821.0802001953125 394
1750090293359 715.0133666992188 395
1750090327227 788.3798217773438 396
1750090340411 784.6929931640625 397
1750090353433 790.43994140625 398
1750090363654 828.9853515625 399
1750090393180 891.4718627929688 400
1750090405659 729.22314453125 401
1750090418339 704.4722290039062 402
1750090426708 808.275146484375 403
1750090457655 778.1514282226562 404
1750090470343 763.6651000976562 405
1750090483155 610.79296875 406
1750090493776 811.1817016601562 407
1750090513453 677.8709106445312 408
1750090524906 623.896728515625 409
1750090532647 762.5711669921875 410
1750090540197 760.2175903320312 411
1750090566115 785.233154296875 412
1750090577608 749.0233764648438 413
1750090581053 781.6946411132812 414
1750090954097 733.1558837890625 415
1750090966741 727.5028076171875 416
1750090979636 730.1714477539062 417
1750090992467 716.447265625 418
1750091028550 643.6912841796875 419
1750091041028 774.7338256835938 420
1750091052654 665.6148071289062 421
1750091065154 769.944091796875 422
1750091086485 762.6170654296875 423
1750091098385 796.0851440429688 424
1750091107502 778.3209838867188 425
1750091120072 901.9950561523438 426
1750091147825 775.8358154296875 427
1750091157041 890.5180053710938 428
1750091169639 754.455322265625 429
1750091180240 914.7855224609375 430
1750091212065 772.9769287109375 431
1750091224789 787.4417724609375 432
1750091237351 1112.61083984375 433
1750091250225 892.0487060546875 434
1750091279853 1094.131103515625 435
1750091293234 909.2162475585938 436
1750091306264 862.8642578125 437
1750091316393 1127.1568603515625 438
1750091343463 849.5564575195312 439
1750091356684 936.3917236328125 440
1750091369802 1169.3114013671875 441
1750091382573 877.0658569335938 442
1750091411011 796.9003295898438 443
1750091421392 1383.1851806640625 444
1750091431027 779.4880981445312 445
1750091439329 2243.67822265625 446
1750091481325 1421.6590576171875 447
1750091492493 959.1527709960938 448
1750091505318 849.0538330078125 449
1750091514913 1768.5084228515625 450
1750091554784 721.767578125 451
1750091562763 1171.0440673828125 452
1750091574496 1384.9149169921875 453
1750091586272 1246.8133544921875 454
1750091620691 862.7817993164062 455
1750091633138 767.6618041992188 456
1750091645763 1230.5030517578125 457
1750091658489 863.1322631835938 458
1750091682955 812.5988159179688 459
1750091695616 959.456298828125 460
1750091708337 1167.7403564453125 461
1750091721103 1058.7647705078125 462
1750091762419 835.088134765625 463
1750091772994 813.591064453125 464
1750091781484 986.5523681640625 465
1750091793643 711.367431640625 466
1750091830742 772.5104370117188 467
1750091842498 726.7437744140625 468
1750091851852 807.547607421875 469
1750091864257 750.141357421875 470
1750091894768 755.8421630859375 471
1750091904916 801.583984375 472
1750091912868 791.2275390625 473
1750091920844 813.9578857421875 474
1750091948597 838.0390625 475
1750091956491 700.78564453125 476
1750091964479 879.06640625 477
1750091972465 724.0686645507812 478
1750092010870 741.9293823242188 479
1750092022142 704.7528076171875 480
1750092034760 673.0911865234375 481
1750092047884 709.0310668945312 482
1750092065505 781.1165771484375 483
1750092073471 750.99853515625 484
1750092082021 653.7786865234375 485
1750092094640 785.5332641601562 486
1750092136519 789.4405517578125 487
1750092149318 723.8765869140625 488
1750092162196 758.6019897460938 489
1750092173801 748.81689453125 490
1750092198271 779.9537353515625 491
1750092206533 713.3296508789062 492
1750092214324 778.03466796875 493
1750092222063 850.5335693359375 494
1750092252197 782.6012573242188 495
1750092259503 766.5323486328125 496
1750092262716 773.6083374023438 497
1750092645719 778.8727416992188 498
1750092658530 744.1592407226562 499
1750092667926 858.265625 500
1750092680451 783.5661010742188 501
1750092711944 826.65966796875 502
1750092724564 661.5655517578125 503
1750092737080 808.307861328125 504
1750092749972 629.4616088867188 505
1750092777535 773.9549560546875 506
1750092790132 769.6649169921875 507
1750092799779 733.331787109375 508
1750092810363 688.1139526367188 509
1750092842674 767.7462158203125 510
1750092855816 716.0392456054688 511
1750092864174 730.5391845703125 512
1750092872966 806.2208251953125 513
1750092903090 732.0345458984375 514
1750092911542 730.8145751953125 515
1750092919629 678.765869140625 516
1750092928104 806.3265991210938 517
1750092971941 741.0409545898438 518
1750092981222 773.8184814453125 519
1750092993942 838.056884765625 520
1750093006736 907.5057373046875 521
1750093039219 718.9495239257812 522
1750093048744 751.9570922851562 523
1750093061711 680.3567504882812 524
1750093071223 718.4130249023438 525
1750093095251 726.4151000976562 526
1750093115462 764.7928466796875 527
1750093123510 701.6517944335938 528
1750093131692 784.81005859375 529
1750093163899 775.6635131835938 530
1750093184709 763.2191772460938 531
1750093197363 799.8139038085938 532
1750093206611 695.3094482421875 533
1750093229139 680.374755859375 534
1750093256049 722.3546752929688 535
1750093267308 704.75634765625 536
1750093275491 779.0223388671875 537
1750093289812 651.6614379882812 538
1750093322744 806.93310546875 539
1750093335469 597.6215209960938 540
1750093346569 743.96826171875 541
1750093354842 723.30615234375 542
1750093392115 665.9505004882812 543
1750093402322 713.9765014648438 544
1750093414738 625.9661254882812 545
1750093427485 714.55322265625 546
1750093457381 718.4071044921875 547
1750093468347 677.1212158203125 548
1750093476925 774.7591552734375 549
1750093492745 650.2501220703125 550
1750093521449 766.2372436523438 551
1750093534156 655.2765502929688 552
1750093547151 684.2623901367188 553
1750093561031 761.1183471679688 554
1750093583459 830.9558715820312 555
1750093596363 552.0753784179688 556
1750093608231 767.07470703125 557
1750093624274 712.9263916015625 558
1750093654864 770.9367065429688 559
1750093667074 808.9622802734375 560
1750093677677 771.6871948242188 561
1750093690690 679.85888671875 562
1750093718645 699.5330200195312 563
1750093727607 787.6138305664062 564
1750093735662 749.9546508789062 565
1750093760707 768.0519409179688 566
1750093789172 701.9928588867188 567
1750093801877 649.727783203125 568
1750093811594 805.4440307617188 569
1750093831860 802.2557983398438 570
1750093852946 831.6859741210938 571
1750093861235 679.2200927734375 572
1750093873890 728.4509887695312 573
1750093892592 758.1549072265625 574
1750093912170 745.6527099609375 575
1750093919799 743.389892578125 576
1750093927364 650.6631469726562 577
1750093945831 638.990478515625 578
1750093965545 779.1217651367188 579
1750093968800 732.2946166992188 580
1750094371310 636.12646484375 581
1750094379271 768.041259765625 582
1750094387003 600.8671264648438 583
1750094399593 659.587890625 584
1750094435124 646.9389038085938 585
1750094447905 776.2507934570312 586
1750094460415 803.2703247070312 587
1750094472990 707.7628173828125 588
1750094500026 810.5938110351562 589
1750094507851 746.88671875 590
1750094515880 801.5048828125 591
1750094523965 768.794189453125 592
1750094567868 793.1382446289062 593
1750094575754 762.9530639648438 594
1750094583919 909.41943359375 595
1750094591905 704.7075805664062 596
1750094630603 711.9742431640625 597
1750094643535 756.0343017578125 598
1750094656411 790.355224609375 599
1750094669049 633.0349731445312 600
1750094691231 782.2396240234375 601
1750094699619 666.1697998046875 602
1750094709806 778.8675537109375 603
1750094719207 666.1693725585938 604
1750094764639 764.1378784179688 605
1750094775332 819.6883544921875 606
1750094783300 646.7399291992188 607
1750094791401 771.5003662109375 608
1750094827092 717.494873046875 609
1750094839682 646.0230712890625 610
1750094851748 815.2465209960938 611
1750094860973 730.6642456054688 612
1750094896482 723.455322265625 613
1750094909119 699.9923706054688 614
1750094922010 743.2994995117188 615
1750094934669 785.6241455078125 616
1750094960959 691.4793090820312 617
1750094970128 715.9229736328125 618
1750094982806 656.2620849609375 619
1750094993968 752.5738525390625 620
1750095029229 651.7091064453125 621
1750095041944 638.613525390625 622
1750095054448 724.8492431640625 623
1750095062842 683.8065185546875 624
1750095099052 710.035400390625 625
1750095111445 750.3963623046875 626
1750095124131 718.5269775390625 627
1750095137274 727.9622802734375 628
1750095169628 695.475341796875 629
1750095182139 750.5184326171875 630
1750095191894 786.5748901367188 631
1750095200063 702.7606201171875 632
1750095238698 657.17822265625 633
1750095250200 834.4317626953125 634
1750095262332 759.7435302734375 635
1750095271269 727.856201171875 636
1750095295830 813.3587036132812 637
1750095308043 723.2570190429688 638
1750095320207 843.3687133789062 639
1750095332845 737.7164306640625 640
1750095358446 755.3389892578125 641
1750095370023 702.1791381835938 642
1750095377913 674.2720336914062 643
1750095390916 632.9614868164062 644
1750095414498 639.7125244140625 645
1750095427164 777.4194946289062 646
1750095440166 701.0281982421875 647
1750095452046 757.65625 648
1750095485222 711.9104614257812 649
1750095498199 701.9906616210938 650
1750095510895 710.319091796875 651
1750095523713 686.509033203125 652
1750095547693 613.7197875976562 653
1750095560721 690.6218872070312 654
1750095573362 728.8218994140625 655
1750095583824 829.8673095703125 656
1750095617178 743.6972045898438 657
1750095624948 777.1405029296875 658
1750095632656 687.3170166015625 659
1750095640504 618.2898559570312 660
1750095669713 654.147216796875 661
1750095676995 556.5120239257812 662
1750095680218 789.8080444335938 663
1750096061323 906.9332885742188 664
1750096073949 640.5009765625 665
1750096086524 644.2853393554688 666
1750096094674 640.7926635742188 667
1750096127326 652.1812744140625 668
1750096139985 641.6844482421875 669
1750096152601 822.0667724609375 670
1750096165519 758.316162109375 671
1750096194550 702.2052001953125 672
1750096207146 704.6524047851562 673
1750096220122 714.8639526367188 674
1750096230480 710.0237426757812 675
1750096255175 813.022216796875 676
1750096268167 782.5452880859375 677
1750096280922 764.1912841796875 678
1750096293493 707.7462768554688 679
1750096316311 733.2880859375 680
1750096324887 704.0752563476562 681
1750096334435 723.849853515625 682
1750096342805 718.1793823242188 683
1750096383734 778.9102783203125 684
1750096396302 711.9544677734375 685
1750096404263 693.4788818359375 686
1750096413133 706.6492309570312 687
1750096451839 776.377685546875 688
1750096464354 634.4710083007812 689
1750096475257 730.2117919921875 690
1750096487498 690.0534057617188 691
1750096520177 652.7319946289062 692
1750096533019 616.9735717773438 693
1750096545823 685.038818359375 694
1750096558631 741.8206176757812 695
1750096582811 671.3690185546875 696
1750096590981 646.7903442382812 697
1750096599008 741.0167236328125 698
1750096611606 754.0360107421875 699
1750096648858 750.6290893554688 700
1750096660975 756.9833374023438 701
1750096670857 666.4893798828125 702
1750096681342 715.176513671875 703
1750096715241 719.347412109375 704
1750096727328 777.5471801757812 705
1750096740123 712.41845703125 706
1750096752883 705.8176879882812 707
1750096785589 708.3170166015625 708
1750096798402 658.3748168945312 709
1750096811101 668.0543212890625 710
1750096822266 696.484130859375 711
1750096846672 695.4396362304688 712
1750096857239 726.0130004882812 713
1750096869483 696.4293212890625 714
1750096878544 663.9317016601562 715
1750096915467 658.7788696289062 716
1750096927507 768.7840576171875 717
1750096940101 773.4765625 718
1750096952842 679.6741333007812 719
1750096983778 767.0491333007812 720
1750096991765 744.5114135742188 721
1750097001233 799.708251953125 722
1750097012296 621.3902587890625 723
1750097050180 684.5615234375 724
1750097062766 668.920654296875 725
1750097071142 666.9501953125 726
1750097083969 644.6141357421875 727
1750097116825 673.992919921875 728
1750097128449 673.6264038085938 729
1750097138678 677.185791015625 730
1750097148745 742.7847290039062 731
1750097186368 722.7576293945312 732
1750097199082 775.9581298828125 733
1750097211094 700.5614624023438 734
1750097222588 796.547607421875 735
1750097254450 788.1747436523438 736
1750097262514 733.0885620117188 737
1750097272294 700.550537109375 738
1750097284327 718.4844360351562 739
1750097325884 794.2774658203125 740
1750097333410 756.1246337890625 741
1750097341198 733.0119018554688 742
1750097348621 757.878173828125 743
1750097378015 698.8129272460938 744
1750097385471 632.3709106445312 745
1750097388694 563.9213256835938 746
1750097779458 654.0347290039062 747
1750097791980 646.0498046875 748
1750097804883 817.1589965820312 749
1750097817473 653.1231689453125 750
1750097836149 745.8600463867188 751
1750097849269 709.9624633789062 752
1750097862155 753.8146362304688 753
1750097874728 720.2066650390625 754
1750097899319 719.5325317382812 755
1750097912308 765.4893188476562 756
1750097920904 710.9860229492188 757
1750097931223 635.8121948242188 758
1750097962488 581.12646484375 759
1750097975082 765.4375 760
1750097986771 649.6371459960938 761
1750097997724 705.7820434570312 762
1750098022216 630.2334594726562 763
1750098039725 744.1032104492188 764
1750098053024 681.9490356445312 765
1750098064629 764.7859497070312 766
1750098083711 720.5068969726562 767
1750098104448 753.060791015625 768
1750098112958 767.1193237304688 769
1750098128589 761.6718139648438 770
1750098155493 577.2444458007812 771
1750098174707 784.1082153320312 772
1750098183103 642.2548828125 773
1750098194330 744.876953125 774
1750098214405 709.2973022460938 775
1750098238449 665.6099243164062 776
1750098246357 726.8624267578125 777
1750098254709 693.2245483398438 778
1750098283401 724.2784423828125 779
1750098303460 694.5203247070312 780
1750098311794 685.4137573242188 781
1750098329795 674.7411499023438 782
1750098356708 727.9734497070312 783
1750098366810 719.3639526367188 784
1750098379815 740.488037109375 785
1750098403829 740.09130859375 786
1750098422174 580.439208984375 787
1750098432552 683.4381713867188 788
1750098441790 625.7462158203125 789
1750098468241 747.9967651367188 790
1750098488035 686.74365234375 791
1750098499390 701.78076171875 792
1750098507573 788.2685546875 793
1750098542599 648.489013671875 794
1750098556420 680.8936767578125 795
1750098569186 630.411376953125 796
1750098580660 646.8118286132812 797
1750098610185 728.7103271484375 798
1750098624109 809.7157592773438 799
1750098632125 723.9857788085938 800
1750098641027 782.250244140625 801
1750098683229 686.8333129882812 802
1750098695746 759.8319091796875 803
1750098704016 711.7474365234375 804
1750098712010 674.3468627929688 805
1750098739675 678.1243286132812 806
1750098749220 570.8312377929688 807
1750098770211 680.9620361328125 808
1750098782960 670.0536499023438 809
1750098820823 637.4952392578125 810
1750098833139 682.3303833007812 811
1750098845228 725.2012329101562 812
1750098856352 690.0990600585938 813
1750098888485 649.9989624023438 814
1750098896683 576.331787109375 815
1750098905101 750.500732421875 816
1750098917567 635.9158325195312 817
1750098961232 720.07666015625 818
1750098973583 807.4857788085938 819
1750098985368 659.621337890625 820
1750098994903 705.3859252929688 821
1750099033595 768.191162109375 822
1750099042811 691.405029296875 823
1750099055579 582.775146484375 824
1750099064019 618.2747802734375 825
1750099090198 687.9834594726562 826
1750099097840 710.0148315429688 827
1750099105193 676.7783813476562 828
1750099108438 699.5706176757812 829
1750099498128 691.6603393554688 830
1750099510941 678.9999389648438 831
1750099523092 659.6708374023438 832
1750099535852 669.3265991210938 833
1750099557531 622.3939208984375 834
1750099570263 623.464111328125 835
1750099582485 785.61962890625 836
1750099593650 672.3153686523438 837
1750099617731 639.2427368164062 838
1750099630347 717.8630981445312 839
1750099648874 635.2835693359375 840
1750099657355 682.9288940429688 841
1750099688582 708.4586791992188 842
1750099701198 602.3231811523438 843
1750099714965 628.0940551757812 844
1750099726394 722.6776123046875 845
1750099744931 641.684326171875 846
1750099767458 650.920166015625 847
1750099778761 852.731201171875 848
1750099788242 610.15576171875 849
1750099816147 704.158203125 850
1750099833365 670.3758544921875 851
1750099844955 679.5455322265625 852
1750099857227 674.7859497070312 853
1750099878396 780.9234008789062 854
1750099895152 689.4495239257812 855
1750099913599 637.62158203125 856
1750099926495 663.3157958984375 857
1750099941751 817.847900390625 858
1750099957368 672.9093627929688 859
1750099979479 775.1970825195312 860
1750099992281 714.879150390625 861
1750100003740 605.8514404296875 862
1750100027948 637.0584106445312 863
1750100048345 606.4801025390625 864
1750100058459 625.097900390625 865
1750100074211 666.015625 866
1750100093003 561.670166015625 867
1750100109548 638.8787231445312 868
1750100118225 710.8345947265625 869
1750100135674 634.8018798828125 870
1750100159164 611.7620849609375 871
1750100178561 722.8616333007812 872
1750100187129 700.273681640625 873
1750100196517 662.3211059570312 874
1750100224852 687.083984375 875
1750100250370 608.3287963867188 876
1750100263061 659.913818359375 877
1750100271303 618.0905151367188 878
1750100293437 624.0473022460938 879
1750100324627 662.895263671875 880
1750100336216 741.20068359375 881
1750100347449 691.9533081054688 882
1750100355690 633.7578735351562 883
1750100396723 632.5399169921875 884
1750100406469 689.6580200195312 885
1750100417081 771.9088745117188 886
1750100429715 598.42822265625 887
1750100458293 722.6468505859375 888
1750100467320 630.1001586914062 889
1750100483216 638.0218505859375 890
1750100495185 620.1979370117188 891
1750100525134 753.5209350585938 892
1750100533536 751.7504272460938 893
1750100555301 639.2764892578125 894
1750100566447 634.0899047851562 895
1750100589278 586.5765991210938 896
1750100599883 702.1045532226562 897
1750100623160 623.3896484375 898
1750100633208 644.7333984375 899
1750100648985 667.0322265625 900
1750100659303 766.014404296875 901
1750100689887 637.7700805664062 902
1750100699380 645.4232177734375 903
1750100717340 669.0081787109375 904
1750100729186 760.5068359375 905
1750100753488 743.0114135742188 906
1750100762265 783.3934326171875 907
1750100775925 809.4132080078125 908
1750100784243 631.6239013671875 909
1750100809151 603.8558349609375 910
1750100816480 630.6674194335938 911
1750100819701 650.7505493164062 912
1750101212941 667.8917236328125 913
1750101224971 748.5550537109375 914
1750101237535 513.8626708984375 915
1750101250332 876.8299560546875 916
1750101285031 797.6110229492188 917
1750101297284 681.869140625 918
1750101310183 733.3041381835938 919
1750101322170 696.2062377929688 920
1750101358531 629.6728515625 921
1750101371392 877.6021728515625 922
1750101382122 537.9976196289062 923
1750101394121 805.4505004882812 924
1750101428730 555.6875 925
1750101439682 617.54541015625 926
1750101450316 729.489501953125 927
1750101462567 652.6361083984375 928
1750101492685 673.7669677734375 929
1750101500657 643.2534790039062 930
1750101508661 673.7620239257812 931
1750101517050 611.3079223632812 932
1750101561474 679.1334228515625 933
1750101572553 611.252197265625 934
1750101584875 722.5086669921875 935
1750101597541 654.5430297851562 936
1750101624921 613.5338134765625 937
1750101633661 732.2984008789062 938
1750101643569 562.8283081054688 939
1750101653053 581.3142700195312 940
1750101696543 707.86083984375 941
1750101709458 594.2081909179688 942
1750101720457 635.891845703125 943
1750101733183 605.191162109375 944
1750101752773 645.8915405273438 945
1750101761147 594.4686889648438 946
1750101772563 630.4589233398438 947
1750101785534 683.7391357421875 948
1750101821532 632.8080444335938 949
1750101834131 690.62939453125 950
1750101846972 719.11669921875 951
1750101858488 612.2568359375 952
1750101884067 688.909423828125 953
1750101892343 520.1633911132812 954
1750101900616 598.5269775390625 955
1750101910927 580.0318603515625 956
1750101950510 648.8600463867188 957
1750101961352 579.6306762695312 958
1750101970791 682.4834594726562 959
1750101979074 593.002685546875 960
1750102014977 656.95166015625 961
1750102027184 608.861328125 962
1750102036546 796.7905883789062 963
1750102047287 754.4480590820312 964
1750102084640 639.2644653320312 965
1750102093136 572.8064575195312 966
1750102105500 624.75732421875 967
1750102118425 641.3462524414062 968
1750102150548 558.5325317382812 969
1750102163324 641.9818115234375 970
1750102174419 605.7368774414062 971
1750102184669 690.4351196289062 972
1750102215478 750.9657592773438 973
1750102228824 618.3902587890625 974
1750102239332 597.5360717773438 975
1750102251501 637.0563354492188 976
1750102276887 637.2971801757812 977
1750102285073 647.5498046875 978
1750102293186 615.320556640625 979
1750102305925 664.2251586914062 980
1750102349551 638.8228759765625 981
1750102358849 659.5985717773438 982
1750102370548 693.1715698242188 983
1750102378891 622.201171875 984
1750102414164 621.7759399414062 985
1750102425087 745.447509765625 986
1750102436873 632.9658813476562 987
1750102448331 632.6578369140625 988
1750102481448 566.928955078125 989
1750102489145 563.6776733398438 990
1750102496552 621.5101318359375 991
1750102504067 670.9308471679688 992
1750102533637 655.8823852539062 993
1750102541130 757.6087036132812 994
1750102544362 740.7386474609375 995
1750102935579 662.2454833984375 996
1750102948504 571.8507690429688 997
1750102957727 652.6171264648438 998
1750102970263 624.4722290039062 999
1750103003121 619.900634765625 1000
1750103015894 579.0319213867188 1001
1750103027087 672.3456420898438 1002
1750103037008 564.909912109375 1003
1750103068849 640.8075561523438 1004
1750103080688 620.2891845703125 1005
1750103089771 683.71630859375 1006
1750103102594 657.070068359375 1007
1750103131402 545.42431640625 1008
1750103143927 645.0971069335938 1009
1750103152321 560.3356323242188 1010
1750103163421 660.4242553710938 1011
1750103200073 531.8903198242188 1012
1750103210349 658.7737426757812 1013
1750103218372 529.27587890625 1014
1750103226604 592.5031127929688 1015
1750103268470 593.21044921875 1016
1750103276891 703.1749877929688 1017
1750103284867 560.4142456054688 1018
1750103292996 565.6287231445312 1019
1750103336385 578.0226440429688 1020
1750103346719 697.8926391601562 1021
1750103358280 717.9705200195312 1022
1750103371374 707.1585083007812 1023
1750103398486 555.05322265625 1024
1750103407587 755.5968017578125 1025
1750103418272 638.5536499023438 1026
1750103430436 548.0892333984375 1027
1750103463328 511.1795654296875 1028
1750103473484 654.6949462890625 1029
1750103484333 607.1704711914062 1030
1750103497052 707.4324951171875 1031
1750103528514 741.8021240234375 1032
1750103536982 573.0894775390625 1033
1750103546033 559.1109619140625 1034
1750103554149 586.996337890625 1035
1750103594386 637.3598022460938 1036
1750103602439 637.2386474609375 1037
1750103611608 652.137451171875 1038
1750103621181 710.9371337890625 1039
1750103668630 565.6785278320312 1040
1750103680025 565.9405517578125 1041
1750103692085 675.8474731445312 1042
1750103704653 523.1383056640625 1043
1750103736218 561.7396240234375 1044
1750103746460 615.8804321289062 1045
1750103758792 635.5469360351562 1046
1750103770142 663.540283203125 1047
1750103801620 576.5562133789062 1048
1750103814654 554.4384155273438 1049
1750103827236 620.4622192382812 1050
1750103840037 586.459228515625 1051
1750103859911 565.761962890625 1052
1750103871476 727.3080444335938 1053
1750103884038 529.8816528320312 1054
1750103893201 550.7623291015625 1055
1750103927358 589.7051391601562 1056
1750103937806 565.1541137695312 1057
1750103945732 579.0701904296875 1058
1750103954501 540.321533203125 1059
1750103995072 596.8510131835938 1060
1750104005397 605.1163940429688 1061
1750104017703 638.0774536132812 1062
1750104030580 655.8372802734375 1063
1750104064720 659.8738403320312 1064
1750104074832 582.473876953125 1065
1750104082850 634.1693115234375 1066
1750104092947 612.638671875 1067
1750104126032 647.5701904296875 1068
1750104136219 642.224609375 1069
1750104144788 651.8580932617188 1070
1750104157387 768.9974365234375 1071
1750104189250 726.6314697265625 1072
1750104197719 578.7976684570312 1073
1750104206367 745.2813110351562 1074
1750104215144 618.7758178710938 1075
1750104245624 718.693603515625 1076
1750104252978 605.080810546875 1077
1750104256231 500.6401062011719 1078
1750104648272 597.5465698242188 1079
1750104660850 616.6299438476562 1080
1750104670743 592.087646484375 1081
1750104683393 668.5392456054688 1082
1750104704735 637.4028930664062 1083
1750104712794 579.8643798828125 1084
1750104724070 689.588623046875 1085
1750104732363 575.3582153320312 1086
1750104778344 587.230224609375 1087
1750104791010 549.4609985351562 1088
1750104803841 591.6715698242188 1089
1750104816642 587.0715942382812 1090
1750104848720 654.4381713867188 1091
1750104860585 541.4826049804688 1092
1750104868817 626.2009887695312 1093
1750104880378 622.274169921875 1094
1750104918306 619.322265625 1095
1750104930872 634.2359619140625 1096
1750104943497 571.030029296875 1097
1750104956569 728.2252197265625 1098
1750104980416 584.6708374023438 1099
1750104992234 507.5070495605469 1100
1750105004315 693.2776489257812 1101
1750105017541 648.17431640625 1102
1750105039371 559.4022216796875 1103
1750105051430 596.66748046875 1104
1750105059660 565.3368530273438 1105
1750105071995 587.9156494140625 1106
1750105104094 627.1724853515625 1107
1750105115882 658.6581420898438 1108
1750105124365 584.312255859375 1109
1750105136579 533.8488159179688 1110
1750105170330 656.868896484375 1111
1750105183224 574.916748046875 1112
1750105192916 593.1458129882812 1113
1750105203412 600.1995849609375 1114
1750105232265 605.3505249023438 1115
1750105242440 620.7940673828125 1116
1750105259693 591.8925170898438 1117
1750105267888 591.681396484375 1118
1750105291510 642.4991455078125 1119
1750105300666 670.7662963867188 1120
1750105333086 585.64208984375 1121
1750105343272 618.4725952148438 1122
1750105364739 566.783203125 1123
1750105376274 579.15234375 1124
1750105405739 663.39208984375 1125
1750105417915 523.8046264648438 1126
1750105429737 590.4853515625 1127
1750105442731 711.6787719726562 1128
1750105476373 637.7559204101562 1129
1750105486247 636.3680419921875 1130
1750105496898 598.25146484375 1131
1750105509547 536.3596801757812 1132
1750105544419 603.1643676757812 1133
1750105554214 744.9385375976562 1134
1750105568941 610.9629516601562 1135
1750105581803 487.38848876953125 1136
1750105608994 552.4497680664062 1137
1750105621893 536.1126708984375 1138
1750105629943 546.1771240234375 1139
1750105637887 520.624267578125 1140
1750105683628 584.01025390625 1141
1750105696252 567.4381713867188 1142
1750105704294 654.8953247070312 1143
1750105717130 493.1867370605469 1144
1750105745654 648.9972534179688 1145
1750105758312 672.53173828125 1146
1750105771016 584.2547607421875 1147
1750105779005 673.8422241210938 1148
1750105807953 562.183349609375 1149
1750105820725 613.88134765625 1150
1750105833312 578.427734375 1151
1750105845932 586.1574096679688 1152
1750105864970 571.2870483398438 1153
1750105877325 705.7872924804688 1154
1750105886020 640.592529296875 1155
1750105893837 576.2350463867188 1156
1750105919478 671.019775390625 1157
1750105927429 588.957275390625 1158
1750105940323 495.657958984375 1159
1750105947879 592.341064453125 1160
1750105951118 537.0625 1161
1750106340910 666.2365112304688 1162
1750106353344 544.1527709960938 1163
1750106366142 673.8630981445312 1164
1750106378567 651.0582885742188 1165
1750106405153 568.3739013671875 1166
1750106417858 679.3113403320312 1167
1750106430318 585.8733520507812 1168
1750106439439 585.85009765625 1169
1750106469117 547.70703125 1170
1750106481735 611.5614013671875 1171
1750106494130 566.6484375 1172
1750106506583 644.1725463867188 1173
1750106534069 704.1845703125 1174
1750106546578 656.0344848632812 1175
1750106558948 580.802001953125 1176
1750106571757 509.6860046386719 1177
1750106598324 528.8899536132812 1178
1750106610818 640.4383544921875 1179
1750106623603 700.29736328125 1180
1750106636115 596.8206176757812 1181
1750106665421 504.5552673339844 1182
1750106678116 714.3353271484375 1183
1750106689138 550.20361328125 1184
1750106701641 605.0988159179688 1185
1750106729855 620.0396118164062 1186
1750106741366 553.7778930664062 1187
1750106753704 684.4223022460938 1188
1750106766162 672.62060546875 1189
1750106798621 647.4304809570312 1190
1750106811085 555.8297729492188 1191
1750106823645 564.0490112304688 1192
1750106836438 618.6614990234375 1193
1750106862683 618.7605590820312 1194
1750106875258 618.2266845703125 1195
1750106887696 542.1896362304688 1196
1750106900425 628.0477294921875 1197
1750106934523 626.9132080078125 1198
1750106946934 558.732666015625 1199
1750106958588 494.3495178222656 1200
1750106971121 558.6791381835938 1201
1750106991748 613.7767333984375 1202
1750107004546 568.200439453125 1203
1750107016262 599.7001953125 1204
1750107028739 620.3451538085938 1205
1750107062209 594.6727905273438 1206
1750107071392 688.6263427734375 1207
1750107080680 555.2534790039062 1208
1750107089007 556.2622680664062 1209
1750107125085 538.9075927734375 1210
1750107137486 625.0409545898438 1211
1750107146656 601.52001953125 1212
1750107159361 676.9984741210938 1213
1750107186844 473.338623046875 1214
1750107199300 536.4891357421875 1215
1750107211951 570.7316284179688 1216
1750107224546 581.099609375 1217
1750107250260 537.0944213867188 1218
1750107258361 551.6119995117188 1219
1750107266295 604.1021728515625 1220
1750107278708 561.1879272460938 1221
1750107319186 624.6116943359375 1222
1750107329738 708.8538818359375 1223
1750107337564 1857.7354736328125 1224
1750107345371 4842.0146484375 1225
1750107381249 3011.74267578125 1226
1750107393594 2937.842041015625 1227
1750107406186 1365.208251953125 1228
1750107418981 1164.900634765625 1229
1750107437378 1240.3724365234375 1230
1750107449798 865.2407836914062 1231
1750107462623 1069.5137939453125 1232
1750107475216 1172.4185791015625 1233
1750107509019 1184.626953125 1234
1750107517506 1215.12939453125 1235
1750107529960 1113.231689453125 1236
1750107541182 945.4168701171875 1237
1750107569679 945.1239013671875 1238
1750107577268 1009.5151977539062 1239
1750107584638 852.9177856445312 1240
1750107592077 859.8848876953125 1241
1750107621446 914.5465698242188 1242
1750107628782 987.4447631835938 1243
1750107632044 856.9383544921875 1244
1750108004903 797.0114135742188 1245
1750108012935 726.2720947265625 1246
1750108022247 930.0927124023438 1247
1750108034795 636.8201904296875 1248
1750108071774 860.512451171875 1249
1750108084289 759.6925048828125 1250
1750108096752 795.3026123046875 1251
1750108109449 771.6007080078125 1252
1750108135514 759.22119140625 1253
1750108148070 746.4070434570312 1254
1750108156189 876.5110473632812 1255
1750108164252 764.5802001953125 1256
1750108195896 786.5930786132812 1257
1750108208571 808.0601196289062 1258
1750108221010 761.399169921875 1259
1750108229033 785.8468627929688 1260
1750108267145 673.1697998046875 1261
1750108280261 730.7647705078125 1262
1750108292984 781.9228515625 1263
1750108305559 660.01171875 1264
1750108331416 576.9847412109375 1265
1750108344092 946.4288330078125 1266
1750108356928 824.1442260742188 1267
1750108365120 716.6459350585938 1268
1750108399634 725.1221313476562 1269
1750108407615 872.0756225585938 1270
1750108415685 718.7363891601562 1271
1750108423779 694.0040893554688 1272
1750108474379 687.14208984375 1273
1750108484323 897.7620239257812 1274
1750108493157 661.0843505859375 1275
1750108505761 772.6497192382812 1276
1750108536795 817.634521484375 1277
1750108549702 784.822998046875 1278
1750108558270 712.4313354492188 1279
1750108567855 763.6255493164062 1280
1750108600604 763.0768432617188 1281
1750108611039 785.2562866210938 1282
1750108621639 732.9169311523438 1283
1750108633770 776.19287109375 1284
1750108658382 845.1197509765625 1285
1750108666359 742.5143432617188 1286
1750108674406 757.3441162109375 1287
1750108683493 673.9071655273438 1288
1750108730932 668.0585327148438 1289
1750108743336 748.6231079101562 1290
1750108751584 835.2554931640625 1291
1750108763258 662.4240112304688 1292
1750108792856 728.8228759765625 1293
1750108804977 784.7769775390625 1294
1750108817168 772.912841796875 1295
1750108828545 740.7354736328125 1296
1750108853814 683.2899780273438 1297
1750108863835 579.839111328125 1298
1750108873592 740.6766967773438 1299
1750108886363 648.9954223632812 1300
1750108916722 745.6345825195312 1301
1750108926681 683.8545532226562 1302
1750108936547 675.392822265625 1303
1750108944848 731.4592895507812 1304
1750108983105 843.6165161132812 1305
1750108993526 697.2933959960938 1306
1750109002589 742.456298828125 1307
1750109014153 667.4165649414062 1308
1750109045249 670.3812866210938 1309
1750109056076 797.8016357421875 1310
1750109070124 632.3245849609375 1311
1750109082890 695.6062622070312 1312
1750109104847 730.8945922851562 1313
1750109115700 683.47119140625 1314
1750109138430 556.946533203125 1315
1750109147822 611.1918334960938 1316
1750109175648 686.2125854492188 1317
1750109185814 702.0584106445312 1318
1750109201836 609.6942138671875 1319
1750109214636 753.1232299804688 1320
1750109237711 759.4275512695312 1321
1750109254665 750.436279296875 1322
1750109274039 703.1638793945312 1323
1750109282140 684.62939453125 1324
1750109291846 550.5592041015625 1325
1750109305775 780.6205444335938 1326
1750109309013 712.416015625 1327
1750109703869 732.8180541992188 1328
1750109716287 585.7681884765625 1329
1750109728684 729.6718139648438 1330
1750109741361 691.3452758789062 1331
1750109760138 636.6302490234375 1332
1750109772587 541.0903930664062 1333
1750109785368 672.5250854492188 1334
1750109797854 711.3785400390625 1335
1750109816959 755.3897705078125 1336
1750109832881 691.7435913085938 1337
1750109845260 757.0813598632812 1338
1750109858029 656.5957641601562 1339
1750109883400 788.1079711914062 1340
1750109896540 729.1035766601562 1341
1750109909020 754.9390258789062 1342
1750109918388 683.2764892578125 1343
1750109951990 684.8654174804688 1344
1750109964443 693.67578125 1345
1750109976911 717.6326904296875 1346
1750109985077 747.5491943359375 1347
1750110017299 664.74609375 1348
1750110029724 613.6842651367188 1349
1750110042389 705.9631958007812 1350
1750110050457 565.7105712890625 1351
1750110081745 557.77734375 1352
1750110094506 608.1614990234375 1353
1750110106995 662.4284057617188 1354
1750110119421 603.8770141601562 1355
1750110143492 834.5504150390625 1356
1750110155262 663.4444580078125 1357
1750110167815 611.8988037109375 1358
1750110180466 538.5612182617188 1359
1750110215865 652.125732421875 1360
1750110228473 582.4716796875 1361
1750110241017 605.9484252929688 1362
1750110253754 660.3198852539062 1363
1750110292767 646.4560546875 1364
1750110303952 769.407470703125 1365
1750110316624 600.0011596679688 1366
1750110329103 546.9213256835938 1367
1750110354266 708.609130859375 1368
1750110366705 606.6428833007812 1369
1750110376115 605.17626953125 1370
1750110388560 569.2989501953125 1371
1750110409947 765.4877319335938 1372
1750110422692 779.2698364257812 1373
1750110435061 653.9065551757812 1374
1750110447585 707.1646118164062 1375
1750110477851 798.4498901367188 1376
1750110490288 537.1900634765625 1377
1750110502690 715.8170166015625 1378
1750110515383 717.47900390625 1379
1750110548762 661.1881713867188 1380
1750110561186 787.67919921875 1381
1750110573874 616.5667724609375 1382
1750110586437 614.0360717773438 1383
1750110609545 693.0758056640625 1384
1750110617909 733.1356811523438 1385
1750110626157 588.6644897460938 1386
1750110638754 614.444091796875 1387
1750110677590 656.1609497070312 1388
1750110690038 680.8911743164062 1389
1750110702607 669.5708618164062 1390
1750110715063 523.7433471679688 1391
1750110746621 553.1459350585938 1392
1750110754394 566.0550537109375 1393
1750110762247 663.7034301757812 1394
1750110770309 624.4818725585938 1395
1750110815999 623.0985107421875 1396
1750110826663 635.076416015625 1397
1750110834963 597.0039672851562 1398
1750110847483 622.0728149414062 1399
1750110873278 650.7608642578125 1400
1750110885714 638.1099243164062 1401
1750110895651 573.3247680664062 1402
1750110903593 660.978759765625 1403
1750110936902 614.51171875 1404
1750110944520 683.4520263671875 1405
1750110951903 651.4523315429688 1406
1750110959311 739.2611083984375 1407
1750110989377 720.0033569335938 1408
1750110996709 664.5040893554688 1409
1750110999984 565.09375 1410
